Time (UTC),Local hour of the day,Local day of the week,Local month of the year,Local year,Temperature (K)
2014-12-31 22:00:00,0,3,1,2015,259.7565
2014-12-31 23:00:00,1,3,1,2015,259.54697
2015-01-01 00:00:00,2,3,1,2015,258.8566
2015-01-01 01:00:00,3,3,1,2015,258.10867
2015-01-01 02:00:00,4,3,1,2015,257.7786
2015-01-01 03:00:00,5,3,1,2015,257.88486
2015-01-01 04:00:00,6,3,1,2015,257.52176
2015-01-01 05:00:00,7,3,1,2015,256.9083
2015-01-01 06:00:00,8,3,1,2015,257.66983
2015-01-01 07:00:00,9,3,1,2015,257.34653
2015-01-01 08:00:00,10,3,1,2015,260.11365
2015-01-01 09:00:00,11,3,1,2015,260.9742
2015-01-01 10:00:00,12,3,1,2015,264.24527
2015-01-01 11:00:00,13,3,1,2015,265.18353
2015-01-01 12:00:00,14,3,1,2015,265.38733
2015-01-01 13:00:00,15,3,1,2015,265.37234
2015-01-01 14:00:00,16,3,1,2015,265.84424
2015-01-01 15:00:00,17,3,1,2015,265.8923
2015-01-01 16:00:00,18,3,1,2015,265.39505
2015-01-01 17:00:00,19,3,1,2015,264.23474
2015-01-01 18:00:00,20,3,1,2015,263.65482
2015-01-01 19:00:00,21,3,1,2015,262.84277
2015-01-01 20:00:00,22,3,1,2015,261.63635
2015-01-01 21:00:00,23,3,1,2015,260.9719
2015-01-01 22:00:00,0,4,1,2015,260.1138
2015-01-01 23:00:00,1,4,1,2015,260.0311
2015-01-02 00:00:00,2,4,1,2015,260.57056
2015-01-02 01:00:00,3,4,1,2015,260.7261
2015-01-02 02:00:00,4,4,1,2015,261.1211
2015-01-02 03:00:00,5,4,1,2015,261.34802
2015-01-02 04:00:00,6,4,1,2015,261.90414
2015-01-02 05:00:00,7,4,1,2015,262.80008
2015-01-02 06:00:00,8,4,1,2015,264.2786
2015-01-02 07:00:00,9,4,1,2015,264.61078
2015-01-02 08:00:00,10,4,1,2015,266.5243
2015-01-02 09:00:00,11,4,1,2015,267.02036
2015-01-02 10:00:00,12,4,1,2015,269.5238
2015-01-02 11:00:00,13,4,1,2015,270.13916
2015-01-02 12:00:00,14,4,1,2015,271.09637
2015-01-02 13:00:00,15,4,1,2015,271.57288
2015-01-02 14:00:00,16,4,1,2015,271.21237
2015-01-02 15:00:00,17,4,1,2015,270.69928
2015-01-02 16:00:00,18,4,1,2015,270.41974
2015-01-02 17:00:00,19,4,1,2015,269.84683
2015-01-02 18:00:00,20,4,1,2015,269.46335
2015-01-02 19:00:00,21,4,1,2015,269.29504
2015-01-02 20:00:00,22,4,1,2015,269.08118
2015-01-02 21:00:00,23,4,1,2015,269.08032
2015-01-02 22:00:00,0,5,1,2015,268.71683
2015-01-02 23:00:00,1,5,1,2015,268.64957
2015-01-03 00:00:00,2,5,1,2015,269.2492
2015-01-03 01:00:00,3,5,1,2015,268.8856
2015-01-03 02:00:00,4,5,1,2015,269.3061
2015-01-03 03:00:00,5,5,1,2015,269.73227
2015-01-03 04:00:00,6,5,1,2015,270.87958
2015-01-03 05:00:00,7,5,1,2015,271.5986
2015-01-03 06:00:00,8,5,1,2015,271.90738
2015-01-03 07:00:00,9,5,1,2015,272.4852
2015-01-03 08:00:00,10,5,1,2015,272.6415
2015-01-03 09:00:00,11,5,1,2015,273.82373
2015-01-03 10:00:00,12,5,1,2015,276.78943
2015-01-03 11:00:00,13,5,1,2015,276.60037
2015-01-03 12:00:00,14,5,1,2015,276.414
2015-01-03 13:00:00,15,5,1,2015,276.29773
2015-01-03 14:00:00,16,5,1,2015,275.8483
2015-01-03 15:00:00,17,5,1,2015,275.39252
2015-01-03 16:00:00,18,5,1,2015,275.15253
2015-01-03 17:00:00,19,5,1,2015,273.3854
2015-01-03 18:00:00,20,5,1,2015,271.96765
2015-01-03 19:00:00,21,5,1,2015,271.6878
2015-01-03 20:00:00,22,5,1,2015,271.00793
2015-01-03 21:00:00,23,5,1,2015,270.7297
2015-01-03 22:00:00,0,6,1,2015,270.40585
2015-01-03 23:00:00,1,6,1,2015,270.65845
2015-01-04 00:00:00,2,6,1,2015,271.26807
2015-01-04 01:00:00,3,6,1,2015,271.31848
2015-01-04 02:00:00,4,6,1,2015,271.76086
2015-01-04 03:00:00,5,6,1,2015,272.01566
2015-01-04 04:00:00,6,6,1,2015,272.12784
2015-01-04 05:00:00,7,6,1,2015,272.6693
2015-01-04 06:00:00,8,6,1,2015,273.12576
2015-01-04 07:00:00,9,6,1,2015,273.0739
2015-01-04 08:00:00,10,6,1,2015,274.5641
2015-01-04 09:00:00,11,6,1,2015,275.32047
2015-01-04 10:00:00,12,6,1,2015,276.25415
2015-01-04 11:00:00,13,6,1,2015,276.0111
2015-01-04 12:00:00,14,6,1,2015,275.70273
2015-01-04 13:00:00,15,6,1,2015,275.6999
2015-01-04 14:00:00,16,6,1,2015,275.13068
2015-01-04 15:00:00,17,6,1,2015,275.07336
2015-01-04 16:00:00,18,6,1,2015,274.97424
2015-01-04 17:00:00,19,6,1,2015,274.4718
2015-01-04 18:00:00,20,6,1,2015,273.48145
2015-01-04 19:00:00,21,6,1,2015,273.43835
2015-01-04 20:00:00,22,6,1,2015,273.13162
2015-01-04 21:00:00,23,6,1,2015,272.84238
2015-01-04 22:00:00,0,0,1,2015,272.87088
2015-01-04 23:00:00,1,0,1,2015,272.73215
2015-01-05 00:00:00,2,0,1,2015,272.23172
2015-01-05 01:00:00,3,0,1,2015,272.00998
2015-01-05 02:00:00,4,0,1,2015,271.42096
2015-01-05 03:00:00,5,0,1,2015,271.13855
2015-01-05 04:00:00,6,0,1,2015,270.84662
2015-01-05 05:00:00,7,0,1,2015,270.5022
2015-01-05 06:00:00,8,0,1,2015,271.01926
2015-01-05 07:00:00,9,0,1,2015,271.2983
2015-01-05 08:00:00,10,0,1,2015,272.4613
2015-01-05 09:00:00,11,0,1,2015,272.81055
2015-01-05 10:00:00,12,0,1,2015,273.94592
2015-01-05 11:00:00,13,0,1,2015,273.97864
2015-01-05 12:00:00,14,0,1,2015,273.93713
2015-01-05 13:00:00,15,0,1,2015,273.81512
2015-01-05 14:00:00,16,0,1,2015,272.78116
2015-01-05 15:00:00,17,0,1,2015,272.089
2015-01-05 16:00:00,18,0,1,2015,271.2691
2015-01-05 17:00:00,19,0,1,2015,269.75644
2015-01-05 18:00:00,20,0,1,2015,269.50873
2015-01-05 19:00:00,21,0,1,2015,269.79395
2015-01-05 20:00:00,22,0,1,2015,269.48303
2015-01-05 21:00:00,23,0,1,2015,269.62802
2015-01-05 22:00:00,0,1,1,2015,268.78787
2015-01-05 23:00:00,1,1,1,2015,268.55698
2015-01-06 00:00:00,2,1,1,2015,268.17892
2015-01-06 01:00:00,3,1,1,2015,268.24503
2015-01-06 02:00:00,4,1,1,2015,267.98767
2015-01-06 03:00:00,5,1,1,2015,267.48468
2015-01-06 04:00:00,6,1,1,2015,267.6541
2015-01-06 05:00:00,7,1,1,2015,267.3767
2015-01-06 06:00:00,8,1,1,2015,267.63843
2015-01-06 07:00:00,9,1,1,2015,268.02792
2015-01-06 08:00:00,10,1,1,2015,270.44617
2015-01-06 09:00:00,11,1,1,2015,270.63556
2015-01-06 10:00:00,12,1,1,2015,272.52173
2015-01-06 11:00:00,13,1,1,2015,272.6936
2015-01-06 12:00:00,14,1,1,2015,272.7437
2015-01-06 13:00:00,15,1,1,2015,272.69788
2015-01-06 14:00:00,16,1,1,2015,271.66492
2015-01-06 15:00:00,17,1,1,2015,270.9898
2015-01-06 16:00:00,18,1,1,2015,269.984
2015-01-06 17:00:00,19,1,1,2015,269.30466
2015-01-06 18:00:00,20,1,1,2015,269.2406
2015-01-06 19:00:00,21,1,1,2015,269.02713
2015-01-06 20:00:00,22,1,1,2015,267.61124
2015-01-06 21:00:00,23,1,1,2015,267.11288
2015-01-06 22:00:00,0,2,1,2015,266.02927
2015-01-06 23:00:00,1,2,1,2015,265.55048
2015-01-07 00:00:00,2,2,1,2015,265.56848
2015-01-07 01:00:00,3,2,1,2015,265.0834
2015-01-07 02:00:00,4,2,1,2015,264.1811
2015-01-07 03:00:00,5,2,1,2015,264.12408
2015-01-07 04:00:00,6,2,1,2015,264.3186
2015-01-07 05:00:00,7,2,1,2015,263.59402
2015-01-07 06:00:00,8,2,1,2015,263.53027
2015-01-07 07:00:00,9,2,1,2015,263.61798
2015-01-07 08:00:00,10,2,1,2015,265.3266
2015-01-07 09:00:00,11,2,1,2015,265.50534
2015-01-07 10:00:00,12,2,1,2015,267.28577
2015-01-07 11:00:00,13,2,1,2015,267.33685
2015-01-07 12:00:00,14,2,1,2015,267.48325
2015-01-07 13:00:00,15,2,1,2015,267.49432
2015-01-07 14:00:00,16,2,1,2015,266.17255
2015-01-07 15:00:00,17,2,1,2015,266.33215
2015-01-07 16:00:00,18,2,1,2015,266.16757
2015-01-07 17:00:00,19,2,1,2015,264.14978
2015-01-07 18:00:00,20,2,1,2015,264.09027
2015-01-07 19:00:00,21,2,1,2015,263.94595
2015-01-07 20:00:00,22,2,1,2015,262.6803
2015-01-07 21:00:00,23,2,1,2015,262.2272
2015-01-07 22:00:00,0,3,1,2015,262.18497
2015-01-07 23:00:00,1,3,1,2015,262.17014
2015-01-08 00:00:00,2,3,1,2015,261.9199
2015-01-08 01:00:00,3,3,1,2015,261.96484
2015-01-08 02:00:00,4,3,1,2015,261.18274
2015-01-08 03:00:00,5,3,1,2015,260.7389
2015-01-08 04:00:00,6,3,1,2015,260.6598
2015-01-08 05:00:00,7,3,1,2015,260.57642
2015-01-08 06:00:00,8,3,1,2015,260.55307
2015-01-08 07:00:00,9,3,1,2015,260.25977
2015-01-08 08:00:00,10,3,1,2015,263.66074
2015-01-08 09:00:00,11,3,1,2015,264.35873
2015-01-08 10:00:00,12,3,1,2015,267.06598
2015-01-08 11:00:00,13,3,1,2015,267.46527
2015-01-08 12:00:00,14,3,1,2015,267.71085
2015-01-08 13:00:00,15,3,1,2015,267.79962
2015-01-08 14:00:00,16,3,1,2015,267.76843
2015-01-08 15:00:00,17,3,1,2015,268.15436
2015-01-08 16:00:00,18,3,1,2015,267.84622
2015-01-08 17:00:00,19,3,1,2015,265.88712
2015-01-08 18:00:00,20,3,1,2015,265.6349
2015-01-08 19:00:00,21,3,1,2015,265.39948
2015-01-08 20:00:00,22,3,1,2015,263.94705
2015-01-08 21:00:00,23,3,1,2015,263.17978
2015-01-08 22:00:00,0,4,1,2015,262.12534
2015-01-08 23:00:00,1,4,1,2015,261.66803
2015-01-09 00:00:00,2,4,1,2015,261.34863
2015-01-09 01:00:00,3,4,1,2015,261.22742
2015-01-09 02:00:00,4,4,1,2015,260.8358
2015-01-09 03:00:00,5,4,1,2015,260.8982
2015-01-09 04:00:00,6,4,1,2015,260.68875
2015-01-09 05:00:00,7,4,1,2015,260.89563
2015-01-09 06:00:00,8,4,1,2015,260.87793
2015-01-09 07:00:00,9,4,1,2015,261.47375
2015-01-09 08:00:00,10,4,1,2015,266.5151
2015-01-09 09:00:00,11,4,1,2015,267.6551
2015-01-09 10:00:00,12,4,1,2015,272.2969
2015-01-09 11:00:00,13,4,1,2015,272.75046
2015-01-09 12:00:00,14,4,1,2015,272.88974
2015-01-09 13:00:00,15,4,1,2015,273.03485
2015-01-09 14:00:00,16,4,1,2015,273.49057
2015-01-09 15:00:00,17,4,1,2015,273.4123
2015-01-09 16:00:00,18,4,1,2015,273.4703
2015-01-09 17:00:00,19,4,1,2015,273.2578
2015-01-09 18:00:00,20,4,1,2015,273.09418
2015-01-09 19:00:00,21,4,1,2015,273.21213
2015-01-09 20:00:00,22,4,1,2015,273.07547
2015-01-09 21:00:00,23,4,1,2015,272.0997
2015-01-09 22:00:00,0,5,1,2015,272.30353
2015-01-09 23:00:00,1,5,1,2015,272.79974
2015-01-10 00:00:00,2,5,1,2015,272.858
2015-01-10 01:00:00,3,5,1,2015,272.9936
2015-01-10 02:00:00,4,5,1,2015,273.18512
2015-01-10 03:00:00,5,5,1,2015,273.99506
2015-01-10 04:00:00,6,5,1,2015,274.23947
2015-01-10 05:00:00,7,5,1,2015,274.94617
2015-01-10 06:00:00,8,5,1,2015,275.071
2015-01-10 07:00:00,9,5,1,2015,275.12173
2015-01-10 08:00:00,10,5,1,2015,276.70117
2015-01-10 09:00:00,11,5,1,2015,276.84653
2015-01-10 10:00:00,12,5,1,2015,279.19702
2015-01-10 11:00:00,13,5,1,2015,279.5875
2015-01-10 12:00:00,14,5,1,2015,279.75525
2015-01-10 13:00:00,15,5,1,2015,279.9634
2015-01-10 14:00:00,16,5,1,2015,279.605
2015-01-10 15:00:00,17,5,1,2015,279.17932
2015-01-10 16:00:00,18,5,1,2015,278.7838
2015-01-10 17:00:00,19,5,1,2015,277.73218
2015-01-10 18:00:00,20,5,1,2015,277.7973
2015-01-10 19:00:00,21,5,1,2015,277.728
2015-01-10 20:00:00,22,5,1,2015,277.42273
2015-01-10 21:00:00,23,5,1,2015,277.25687
2015-01-10 22:00:00,0,6,1,2015,276.10086
2015-01-10 23:00:00,1,6,1,2015,275.9705
2015-01-11 00:00:00,2,6,1,2015,276.0204
2015-01-11 01:00:00,3,6,1,2015,275.76318
2015-01-11 02:00:00,4,6,1,2015,275.7081
2015-01-11 03:00:00,5,6,1,2015,275.77484
2015-01-11 04:00:00,6,6,1,2015,275.5947
2015-01-11 05:00:00,7,6,1,2015,275.34558
2015-01-11 06:00:00,8,6,1,2015,275.4259
2015-01-11 07:00:00,9,6,1,2015,275.7906
2015-01-11 08:00:00,10,6,1,2015,279.93567
2015-01-11 09:00:00,11,6,1,2015,281.6759
2015-01-11 10:00:00,12,6,1,2015,284.80795
2015-01-11 11:00:00,13,6,1,2015,284.92307
2015-01-11 12:00:00,14,6,1,2015,284.60925
2015-01-11 13:00:00,15,6,1,2015,284.61957
2015-01-11 14:00:00,16,6,1,2015,283.55978
2015-01-11 15:00:00,17,6,1,2015,283.13287
2015-01-11 16:00:00,18,6,1,2015,282.24734
2015-01-11 17:00:00,19,6,1,2015,279.90344
2015-01-11 18:00:00,20,6,1,2015,279.7697
2015-01-11 19:00:00,21,6,1,2015,279.8869
2015-01-11 20:00:00,22,6,1,2015,279.2047
2015-01-11 21:00:00,23,6,1,2015,279.37894
2015-01-11 22:00:00,0,0,1,2015,277.92233
2015-01-11 23:00:00,1,0,1,2015,276.8999
2015-01-12 00:00:00,2,0,1,2015,276.56805
2015-01-12 01:00:00,3,0,1,2015,276.1899
2015-01-12 02:00:00,4,0,1,2015,274.64148
2015-01-12 03:00:00,5,0,1,2015,274.15555
2015-01-12 04:00:00,6,0,1,2015,274.19363
2015-01-12 05:00:00,7,0,1,2015,273.4452
2015-01-12 06:00:00,8,0,1,2015,273.45633
2015-01-12 07:00:00,9,0,1,2015,273.52725
2015-01-12 08:00:00,10,0,1,2015,274.36868
2015-01-12 09:00:00,11,0,1,2015,274.16562
2015-01-12 10:00:00,12,0,1,2015,275.43976
2015-01-12 11:00:00,13,0,1,2015,275.4696
2015-01-12 12:00:00,14,0,1,2015,275.73212
2015-01-12 13:00:00,15,0,1,2015,275.69296
2015-01-12 14:00:00,16,0,1,2015,275.56897
2015-01-12 15:00:00,17,0,1,2015,275.24884
2015-01-12 16:00:00,18,0,1,2015,274.28262
2015-01-12 17:00:00,19,0,1,2015,271.9792
2015-01-12 18:00:00,20,0,1,2015,271.96368
2015-01-12 19:00:00,21,0,1,2015,272.52542
2015-01-12 20:00:00,22,0,1,2015,271.93774
2015-01-12 21:00:00,23,0,1,2015,271.8889
2015-01-12 22:00:00,0,1,1,2015,271.7359
2015-01-12 23:00:00,1,1,1,2015,271.7052
2015-01-13 00:00:00,2,1,1,2015,271.42038
2015-01-13 01:00:00,3,1,1,2015,270.9475
2015-01-13 02:00:00,4,1,1,2015,269.52814
2015-01-13 03:00:00,5,1,1,2015,269.15656
2015-01-13 04:00:00,6,1,1,2015,268.57217
2015-01-13 05:00:00,7,1,1,2015,267.8479
2015-01-13 06:00:00,8,1,1,2015,267.73907
2015-01-13 07:00:00,9,1,1,2015,267.79367
2015-01-13 08:00:00,10,1,1,2015,272.84744
2015-01-13 09:00:00,11,1,1,2015,273.9008
2015-01-13 10:00:00,12,1,1,2015,277.66437
2015-01-13 11:00:00,13,1,1,2015,277.852
2015-01-13 12:00:00,14,1,1,2015,278.06955
2015-01-13 13:00:00,15,1,1,2015,278.06003
2015-01-13 14:00:00,16,1,1,2015,278.2232
2015-01-13 15:00:00,17,1,1,2015,278.74423
2015-01-13 16:00:00,18,1,1,2015,277.40393
2015-01-13 17:00:00,19,1,1,2015,273.37122
2015-01-13 18:00:00,20,1,1,2015,273.33484
2015-01-13 19:00:00,21,1,1,2015,273.16248
2015-01-13 20:00:00,22,1,1,2015,271.5617
2015-01-13 21:00:00,23,1,1,2015,271.00314
2015-01-13 22:00:00,0,2,1,2015,270.21075
2015-01-13 23:00:00,1,2,1,2015,269.87714
2015-01-14 00:00:00,2,2,1,2015,269.76074
2015-01-14 01:00:00,3,2,1,2015,269.53302
2015-01-14 02:00:00,4,2,1,2015,268.64188
2015-01-14 03:00:00,5,2,1,2015,268.38275
2015-01-14 04:00:00,6,2,1,2015,268.35876
2015-01-14 05:00:00,7,2,1,2015,267.99695
2015-01-14 06:00:00,8,2,1,2015,268.08188
2015-01-14 07:00:00,9,2,1,2015,267.83188
2015-01-14 08:00:00,10,2,1,2015,272.37402
2015-01-14 09:00:00,11,2,1,2015,273.77783
2015-01-14 10:00:00,12,2,1,2015,277.89514
2015-01-14 11:00:00,13,2,1,2015,278.2735
2015-01-14 12:00:00,14,2,1,2015,278.73654
2015-01-14 13:00:00,15,2,1,2015,279.50504
2015-01-14 14:00:00,16,2,1,2015,279.44324
2015-01-14 15:00:00,17,2,1,2015,278.97955
2015-01-14 16:00:00,18,2,1,2015,277.1216
2015-01-14 17:00:00,19,2,1,2015,272.86
2015-01-14 18:00:00,20,2,1,2015,272.49466
2015-01-14 19:00:00,21,2,1,2015,272.2068
2015-01-14 20:00:00,22,2,1,2015,270.55988
2015-01-14 21:00:00,23,2,1,2015,270.2702
2015-01-14 22:00:00,0,3,1,2015,269.05573
2015-01-14 23:00:00,1,3,1,2015,268.95572
2015-01-15 00:00:00,2,3,1,2015,268.8658
2015-01-15 01:00:00,3,3,1,2015,268.91888
2015-01-15 02:00:00,4,3,1,2015,269.404
2015-01-15 03:00:00,5,3,1,2015,269.83145
2015-01-15 04:00:00,6,3,1,2015,269.531
2015-01-15 05:00:00,7,3,1,2015,269.97748
2015-01-15 06:00:00,8,3,1,2015,269.86618
2015-01-15 07:00:00,9,3,1,2015,270.95282
2015-01-15 08:00:00,10,3,1,2015,274.8694
2015-01-15 09:00:00,11,3,1,2015,276.69058
2015-01-15 10:00:00,12,3,1,2015,279.1156
2015-01-15 11:00:00,13,3,1,2015,279.27002
2015-01-15 12:00:00,14,3,1,2015,279.2965
2015-01-15 13:00:00,15,3,1,2015,279.46866
2015-01-15 14:00:00,16,3,1,2015,278.9022
2015-01-15 15:00:00,17,3,1,2015,278.04846
2015-01-15 16:00:00,18,3,1,2015,276.84616
2015-01-15 17:00:00,19,3,1,2015,274.42
2015-01-15 18:00:00,20,3,1,2015,274.6786
2015-01-15 19:00:00,21,3,1,2015,274.83862
2015-01-15 20:00:00,22,3,1,2015,273.6173
2015-01-15 21:00:00,23,3,1,2015,273.5819
2015-01-15 22:00:00,0,4,1,2015,272.2127
2015-01-15 23:00:00,1,4,1,2015,272.03595
2015-01-16 00:00:00,2,4,1,2015,272.04477
2015-01-16 01:00:00,3,4,1,2015,271.84827
2015-01-16 02:00:00,4,4,1,2015,270.96417
2015-01-16 03:00:00,5,4,1,2015,270.75748
2015-01-16 04:00:00,6,4,1,2015,270.7301
2015-01-16 05:00:00,7,4,1,2015,269.9458
2015-01-16 06:00:00,8,4,1,2015,269.6204
2015-01-16 07:00:00,9,4,1,2015,269.57455
2015-01-16 08:00:00,10,4,1,2015,273.93057
2015-01-16 09:00:00,11,4,1,2015,274.58542
2015-01-16 10:00:00,12,4,1,2015,278.2516
2015-01-16 11:00:00,13,4,1,2015,278.56824
2015-01-16 12:00:00,14,4,1,2015,279.0368
2015-01-16 13:00:00,15,4,1,2015,279.31714
2015-01-16 14:00:00,16,4,1,2015,279.13745
2015-01-16 15:00:00,17,4,1,2015,279.08792
2015-01-16 16:00:00,18,4,1,2015,277.3123
2015-01-16 17:00:00,19,4,1,2015,273.6333
2015-01-16 18:00:00,20,4,1,2015,273.2422
2015-01-16 19:00:00,21,4,1,2015,272.91547
2015-01-16 20:00:00,22,4,1,2015,271.5477
2015-01-16 21:00:00,23,4,1,2015,271.64566
2015-01-16 22:00:00,0,5,1,2015,270.67166
2015-01-16 23:00:00,1,5,1,2015,270.6136
2015-01-17 00:00:00,2,5,1,2015,270.74094
2015-01-17 01:00:00,3,5,1,2015,270.37503
2015-01-17 02:00:00,4,5,1,2015,270.09583
2015-01-17 03:00:00,5,5,1,2015,269.61307
2015-01-17 04:00:00,6,5,1,2015,269.51672
2015-01-17 05:00:00,7,5,1,2015,269.47678
2015-01-17 06:00:00,8,5,1,2015,269.10745
2015-01-17 07:00:00,9,5,1,2015,270.14035
2015-01-17 08:00:00,10,5,1,2015,273.8597
2015-01-17 09:00:00,11,5,1,2015,274.89423
2015-01-17 10:00:00,12,5,1,2015,277.76962
2015-01-17 11:00:00,13,5,1,2015,278.5373
2015-01-17 12:00:00,14,5,1,2015,278.85684
2015-01-17 13:00:00,15,5,1,2015,279.14603
2015-01-17 14:00:00,16,5,1,2015,278.1733
2015-01-17 15:00:00,17,5,1,2015,276.4993
2015-01-17 16:00:00,18,5,1,2015,275.79407
2015-01-17 17:00:00,19,5,1,2015,274.04117
2015-01-17 18:00:00,20,5,1,2015,274.06705
2015-01-17 19:00:00,21,5,1,2015,273.7414
2015-01-17 20:00:00,22,5,1,2015,272.8042
2015-01-17 21:00:00,23,5,1,2015,272.48163
2015-01-17 22:00:00,0,6,1,2015,271.78278
2015-01-17 23:00:00,1,6,1,2015,271.62958
2015-01-18 00:00:00,2,6,1,2015,271.63495
2015-01-18 01:00:00,3,6,1,2015,271.4994
2015-01-18 02:00:00,4,6,1,2015,271.131
2015-01-18 03:00:00,5,6,1,2015,271.0055
2015-01-18 04:00:00,6,6,1,2015,270.91653
2015-01-18 05:00:00,7,6,1,2015,271.1361
2015-01-18 06:00:00,8,6,1,2015,271.26886
2015-01-18 07:00:00,9,6,1,2015,272.04364
2015-01-18 08:00:00,10,6,1,2015,274.52692
2015-01-18 09:00:00,11,6,1,2015,274.60104
2015-01-18 10:00:00,12,6,1,2015,277.02722
2015-01-18 11:00:00,13,6,1,2015,277.1725
2015-01-18 12:00:00,14,6,1,2015,277.82208
2015-01-18 13:00:00,15,6,1,2015,277.9972
2015-01-18 14:00:00,16,6,1,2015,278.00238
2015-01-18 15:00:00,17,6,1,2015,277.33548
2015-01-18 16:00:00,18,6,1,2015,277.40048
2015-01-18 17:00:00,19,6,1,2015,276.79547
2015-01-18 18:00:00,20,6,1,2015,277.05185
2015-01-18 19:00:00,21,6,1,2015,276.82742
2015-01-18 20:00:00,22,6,1,2015,276.57944
2015-01-18 21:00:00,23,6,1,2015,276.5069
2015-01-18 22:00:00,0,0,1,2015,276.06573
2015-01-18 23:00:00,1,0,1,2015,276.0774
2015-01-19 00:00:00,2,0,1,2015,276.27942
2015-01-19 01:00:00,3,0,1,2015,276.15707
2015-01-19 02:00:00,4,0,1,2015,275.99527
2015-01-19 03:00:00,5,0,1,2015,276.10803
2015-01-19 04:00:00,6,0,1,2015,276.03577
2015-01-19 05:00:00,7,0,1,2015,275.72113
2015-01-19 06:00:00,8,0,1,2015,275.43945
2015-01-19 07:00:00,9,0,1,2015,275.64957
2015-01-19 08:00:00,10,0,1,2015,278.72818
2015-01-19 09:00:00,11,0,1,2015,279.58484
2015-01-19 10:00:00,12,0,1,2015,282.55936
2015-01-19 11:00:00,13,0,1,2015,282.8797
2015-01-19 12:00:00,14,0,1,2015,282.86584
2015-01-19 13:00:00,15,0,1,2015,283.11258
2015-01-19 14:00:00,16,0,1,2015,282.32898
2015-01-19 15:00:00,17,0,1,2015,281.8663
2015-01-19 16:00:00,18,0,1,2015,281.09702
2015-01-19 17:00:00,19,0,1,2015,278.9226
2015-01-19 18:00:00,20,0,1,2015,278.54602
2015-01-19 19:00:00,21,0,1,2015,278.9007
2015-01-19 20:00:00,22,0,1,2015,278.04962
2015-01-19 21:00:00,23,0,1,2015,278.1177
2015-01-19 22:00:00,0,1,1,2015,276.95758
2015-01-19 23:00:00,1,1,1,2015,276.71783
2015-01-20 00:00:00,2,1,1,2015,276.88208
2015-01-20 01:00:00,3,1,1,2015,276.68524
2015-01-20 02:00:00,4,1,1,2015,276.15652
2015-01-20 03:00:00,5,1,1,2015,276.07578
2015-01-20 04:00:00,6,1,1,2015,276.2141
2015-01-20 05:00:00,7,1,1,2015,275.96497
2015-01-20 06:00:00,8,1,1,2015,275.91882
2015-01-20 07:00:00,9,1,1,2015,276.01096
2015-01-20 08:00:00,10,1,1,2015,278.43338
2015-01-20 09:00:00,11,1,1,2015,279.1717
2015-01-20 10:00:00,12,1,1,2015,281.34735
2015-01-20 11:00:00,13,1,1,2015,281.79663
2015-01-20 12:00:00,14,1,1,2015,281.95422
2015-01-20 13:00:00,15,1,1,2015,281.97394
2015-01-20 14:00:00,16,1,1,2015,281.39856
2015-01-20 15:00:00,17,1,1,2015,280.57568
2015-01-20 16:00:00,18,1,1,2015,280.20163
2015-01-20 17:00:00,19,1,1,2015,278.80396
2015-01-20 18:00:00,20,1,1,2015,278.5757
2015-01-20 19:00:00,21,1,1,2015,278.23758
2015-01-20 20:00:00,22,1,1,2015,277.37674
2015-01-20 21:00:00,23,1,1,2015,277.28052
2015-01-20 22:00:00,0,2,1,2015,276.80582
2015-01-20 23:00:00,1,2,1,2015,276.92728
2015-01-21 00:00:00,2,2,1,2015,276.96423
2015-01-21 01:00:00,3,2,1,2015,276.82547
2015-01-21 02:00:00,4,2,1,2015,276.5041
2015-01-21 03:00:00,5,2,1,2015,276.52844
2015-01-21 04:00:00,6,2,1,2015,275.98248
2015-01-21 05:00:00,7,2,1,2015,275.76892
2015-01-21 06:00:00,8,2,1,2015,275.8054
2015-01-21 07:00:00,9,2,1,2015,276.13303
2015-01-21 08:00:00,10,2,1,2015,278.52905
2015-01-21 09:00:00,11,2,1,2015,279.32108
2015-01-21 10:00:00,12,2,1,2015,281.2283
2015-01-21 11:00:00,13,2,1,2015,281.7361
2015-01-21 12:00:00,14,2,1,2015,281.7851
2015-01-21 13:00:00,15,2,1,2015,281.8063
2015-01-21 14:00:00,16,2,1,2015,281.39673
2015-01-21 15:00:00,17,2,1,2015,281.25934
2015-01-21 16:00:00,18,2,1,2015,280.6504
2015-01-21 17:00:00,19,2,1,2015,278.16763
2015-01-21 18:00:00,20,2,1,2015,277.5942
2015-01-21 19:00:00,21,2,1,2015,277.61642
2015-01-21 20:00:00,22,2,1,2015,276.82977
2015-01-21 21:00:00,23,2,1,2015,277.02042
2015-01-21 22:00:00,0,3,1,2015,276.32468
2015-01-21 23:00:00,1,3,1,2015,276.37344
2015-01-22 00:00:00,2,3,1,2015,276.19104
2015-01-22 01:00:00,3,3,1,2015,276.1471
2015-01-22 02:00:00,4,3,1,2015,275.61145
2015-01-22 03:00:00,5,3,1,2015,275.94757
2015-01-22 04:00:00,6,3,1,2015,275.89682
2015-01-22 05:00:00,7,3,1,2015,275.61792
2015-01-22 06:00:00,8,3,1,2015,275.7692
2015-01-22 07:00:00,9,3,1,2015,276.03787
2015-01-22 08:00:00,10,3,1,2015,278.1704
2015-01-22 09:00:00,11,3,1,2015,279.0177
2015-01-22 10:00:00,12,3,1,2015,281.31232
2015-01-22 11:00:00,13,3,1,2015,281.7112
2015-01-22 12:00:00,14,3,1,2015,281.85257
2015-01-22 13:00:00,15,3,1,2015,281.8651
2015-01-22 14:00:00,16,3,1,2015,281.4565
2015-01-22 15:00:00,17,3,1,2015,280.52945
2015-01-22 16:00:00,18,3,1,2015,279.60278
2015-01-22 17:00:00,19,3,1,2015,278.8521
2015-01-22 18:00:00,20,3,1,2015,278.5033
2015-01-22 19:00:00,21,3,1,2015,278.52136
2015-01-22 20:00:00,22,3,1,2015,277.8736
2015-01-22 21:00:00,23,3,1,2015,277.86267
2015-01-22 22:00:00,0,4,1,2015,278.10742
2015-01-22 23:00:00,1,4,1,2015,277.74805
2015-01-23 00:00:00,2,4,1,2015,277.91006
2015-01-23 01:00:00,3,4,1,2015,277.90067
2015-01-23 02:00:00,4,4,1,2015,277.94434
2015-01-23 03:00:00,5,4,1,2015,278.0928
2015-01-23 04:00:00,6,4,1,2015,278.1889
2015-01-23 05:00:00,7,4,1,2015,278.24643
2015-01-23 06:00:00,8,4,1,2015,278.18164
2015-01-23 07:00:00,9,4,1,2015,278.394
2015-01-23 08:00:00,10,4,1,2015,279.65222
2015-01-23 09:00:00,11,4,1,2015,280.01526
2015-01-23 10:00:00,12,4,1,2015,281.58368
2015-01-23 11:00:00,13,4,1,2015,282.13303
2015-01-23 12:00:00,14,4,1,2015,282.13483
2015-01-23 13:00:00,15,4,1,2015,282.31744
2015-01-23 14:00:00,16,4,1,2015,281.29468
2015-01-23 15:00:00,17,4,1,2015,280.58405
2015-01-23 16:00:00,18,4,1,2015,280.2441
2015-01-23 17:00:00,19,4,1,2015,278.89093
2015-01-23 18:00:00,20,4,1,2015,278.87802
2015-01-23 19:00:00,21,4,1,2015,278.82336
2015-01-23 20:00:00,22,4,1,2015,278.34088
2015-01-23 21:00:00,23,4,1,2015,278.1272
2015-01-23 22:00:00,0,5,1,2015,277.9133
2015-01-23 23:00:00,1,5,1,2015,277.79385
2015-01-24 00:00:00,2,5,1,2015,277.65536
2015-01-24 01:00:00,3,5,1,2015,277.6749
2015-01-24 02:00:00,4,5,1,2015,277.78983
2015-01-24 03:00:00,5,5,1,2015,277.8754
2015-01-24 04:00:00,6,5,1,2015,277.77063
2015-01-24 05:00:00,7,5,1,2015,277.76355
2015-01-24 06:00:00,8,5,1,2015,277.7199
2015-01-24 07:00:00,9,5,1,2015,277.74716
2015-01-24 08:00:00,10,5,1,2015,278.15067
2015-01-24 09:00:00,11,5,1,2015,278.0361
2015-01-24 10:00:00,12,5,1,2015,278.6143
2015-01-24 11:00:00,13,5,1,2015,278.8598
2015-01-24 12:00:00,14,5,1,2015,279.0227
2015-01-24 13:00:00,15,5,1,2015,279.06882
2015-01-24 14:00:00,16,5,1,2015,278.67102
2015-01-24 15:00:00,17,5,1,2015,278.63077
2015-01-24 16:00:00,18,5,1,2015,278.56882
2015-01-24 17:00:00,19,5,1,2015,277.6292
2015-01-24 18:00:00,20,5,1,2015,277.4752
2015-01-24 19:00:00,21,5,1,2015,277.3659
2015-01-24 20:00:00,22,5,1,2015,276.75845
2015-01-24 21:00:00,23,5,1,2015,276.8212
2015-01-24 22:00:00,0,6,1,2015,276.53033
2015-01-24 23:00:00,1,6,1,2015,276.4247
2015-01-25 00:00:00,2,6,1,2015,276.4055
2015-01-25 01:00:00,3,6,1,2015,276.40552
2015-01-25 02:00:00,4,6,1,2015,276.05893
2015-01-25 03:00:00,5,6,1,2015,275.76843
2015-01-25 04:00:00,6,6,1,2015,275.6859
2015-01-25 05:00:00,7,6,1,2015,275.49448
2015-01-25 06:00:00,8,6,1,2015,275.4701
2015-01-25 07:00:00,9,6,1,2015,275.7288
2015-01-25 08:00:00,10,6,1,2015,276.2438
2015-01-25 09:00:00,11,6,1,2015,276.42358
2015-01-25 10:00:00,12,6,1,2015,276.98752
2015-01-25 11:00:00,13,6,1,2015,277.18518
2015-01-25 12:00:00,14,6,1,2015,277.2552
2015-01-25 13:00:00,15,6,1,2015,277.2308
2015-01-25 14:00:00,16,6,1,2015,276.6004
2015-01-25 15:00:00,17,6,1,2015,276.36316
2015-01-25 16:00:00,18,6,1,2015,276.30515
2015-01-25 17:00:00,19,6,1,2015,275.6357
2015-01-25 18:00:00,20,6,1,2015,275.8419
2015-01-25 19:00:00,21,6,1,2015,275.88382
2015-01-25 20:00:00,22,6,1,2015,275.6991
2015-01-25 21:00:00,23,6,1,2015,275.59613
2015-01-25 22:00:00,0,0,1,2015,275.22195
2015-01-25 23:00:00,1,0,1,2015,275.12732
2015-01-26 00:00:00,2,0,1,2015,274.89517
2015-01-26 01:00:00,3,0,1,2015,274.57214
2015-01-26 02:00:00,4,0,1,2015,274.45325
2015-01-26 03:00:00,5,0,1,2015,274.2723
2015-01-26 04:00:00,6,0,1,2015,274.4259
2015-01-26 05:00:00,7,0,1,2015,274.3777
2015-01-26 06:00:00,8,0,1,2015,274.42218
2015-01-26 07:00:00,9,0,1,2015,274.2567
2015-01-26 08:00:00,10,0,1,2015,274.9858
2015-01-26 09:00:00,11,0,1,2015,274.87372
2015-01-26 10:00:00,12,0,1,2015,275.8174
2015-01-26 11:00:00,13,0,1,2015,275.90063
2015-01-26 12:00:00,14,0,1,2015,276.06876
2015-01-26 13:00:00,15,0,1,2015,276.22147
2015-01-26 14:00:00,16,0,1,2015,276.11072
2015-01-26 15:00:00,17,0,1,2015,276.03122
2015-01-26 16:00:00,18,0,1,2015,275.68713
2015-01-26 17:00:00,19,0,1,2015,275.25305
2015-01-26 18:00:00,20,0,1,2015,275.22476
2015-01-26 19:00:00,21,0,1,2015,275.1308
2015-01-26 20:00:00,22,0,1,2015,274.91467
2015-01-26 21:00:00,23,0,1,2015,274.7548
2015-01-26 22:00:00,0,1,1,2015,274.58176
2015-01-26 23:00:00,1,1,1,2015,274.5884
2015-01-27 00:00:00,2,1,1,2015,274.45242
2015-01-27 01:00:00,3,1,1,2015,274.4829
2015-01-27 02:00:00,4,1,1,2015,274.30676
2015-01-27 03:00:00,5,1,1,2015,274.1756
2015-01-27 04:00:00,6,1,1,2015,274.15714
2015-01-27 05:00:00,7,1,1,2015,274.20126
2015-01-27 06:00:00,8,1,1,2015,274.2115
2015-01-27 07:00:00,9,1,1,2015,274.35394
2015-01-27 08:00:00,10,1,1,2015,275.03183
2015-01-27 09:00:00,11,1,1,2015,275.17892
2015-01-27 10:00:00,12,1,1,2015,276.16174
2015-01-27 11:00:00,13,1,1,2015,276.21332
2015-01-27 12:00:00,14,1,1,2015,276.18445
2015-01-27 13:00:00,15,1,1,2015,276.27063
2015-01-27 14:00:00,16,1,1,2015,275.95807
2015-01-27 15:00:00,17,1,1,2015,275.79913
2015-01-27 16:00:00,18,1,1,2015,275.75803
2015-01-27 17:00:00,19,1,1,2015,274.95258
2015-01-27 18:00:00,20,1,1,2015,274.88098
2015-01-27 19:00:00,21,1,1,2015,274.82907
2015-01-27 20:00:00,22,1,1,2015,274.5694
2015-01-27 21:00:00,23,1,1,2015,274.39368
2015-01-27 22:00:00,0,2,1,2015,274.65616
2015-01-27 23:00:00,1,2,1,2015,274.42926
2015-01-28 00:00:00,2,2,1,2015,274.57324
2015-01-28 01:00:00,3,2,1,2015,274.45697
2015-01-28 02:00:00,4,2,1,2015,274.21115
2015-01-28 03:00:00,5,2,1,2015,274.18225
2015-01-28 04:00:00,6,2,1,2015,274.3093
2015-01-28 05:00:00,7,2,1,2015,274.26636
2015-01-28 06:00:00,8,2,1,2015,274.21426
2015-01-28 07:00:00,9,2,1,2015,274.1012
2015-01-28 08:00:00,10,2,1,2015,274.72983
2015-01-28 09:00:00,11,2,1,2015,274.7747
2015-01-28 10:00:00,12,2,1,2015,275.53735
2015-01-28 11:00:00,13,2,1,2015,275.5985
2015-01-28 12:00:00,14,2,1,2015,275.56796
2015-01-28 13:00:00,15,2,1,2015,275.64716
2015-01-28 14:00:00,16,2,1,2015,275.57785
2015-01-28 15:00:00,17,2,1,2015,275.48627
2015-01-28 16:00:00,18,2,1,2015,275.46976
2015-01-28 17:00:00,19,2,1,2015,274.36
2015-01-28 18:00:00,20,2,1,2015,274.18863
2015-01-28 19:00:00,21,2,1,2015,274.3048
2015-01-28 20:00:00,22,2,1,2015,274.26334
2015-01-28 21:00:00,23,2,1,2015,274.2113
2015-01-28 22:00:00,0,3,1,2015,273.94675
2015-01-28 23:00:00,1,3,1,2015,273.9141
2015-01-29 00:00:00,2,3,1,2015,273.94348
2015-01-29 01:00:00,3,3,1,2015,273.86
2015-01-29 02:00:00,4,3,1,2015,273.4497
2015-01-29 03:00:00,5,3,1,2015,273.29465
2015-01-29 04:00:00,6,3,1,2015,273.4822
2015-01-29 05:00:00,7,3,1,2015,273.34543
2015-01-29 06:00:00,8,3,1,2015,273.5441
2015-01-29 07:00:00,9,3,1,2015,273.74954
2015-01-29 08:00:00,10,3,1,2015,275.89612
2015-01-29 09:00:00,11,3,1,2015,276.35385
2015-01-29 10:00:00,12,3,1,2015,278.14978
2015-01-29 11:00:00,13,3,1,2015,278.17218
2015-01-29 12:00:00,14,3,1,2015,278.2066
2015-01-29 13:00:00,15,3,1,2015,278.189
2015-01-29 14:00:00,16,3,1,2015,278.13028
2015-01-29 15:00:00,17,3,1,2015,278.2179
2015-01-29 16:00:00,18,3,1,2015,277.82483
2015-01-29 17:00:00,19,3,1,2015,276.0962
2015-01-29 18:00:00,20,3,1,2015,275.98254
2015-01-29 19:00:00,21,3,1,2015,275.78085
2015-01-29 20:00:00,22,3,1,2015,275.37903
2015-01-29 21:00:00,23,3,1,2015,275.28674
2015-01-29 22:00:00,0,4,1,2015,275.29764
2015-01-29 23:00:00,1,4,1,2015,275.0456
2015-01-30 00:00:00,2,4,1,2015,274.85956
2015-01-30 01:00:00,3,4,1,2015,274.86258
2015-01-30 02:00:00,4,4,1,2015,275.02704
2015-01-30 03:00:00,5,4,1,2015,275.05792
2015-01-30 04:00:00,6,4,1,2015,275.20673
2015-01-30 05:00:00,7,4,1,2015,275.78943
2015-01-30 06:00:00,8,4,1,2015,275.93982
2015-01-30 07:00:00,9,4,1,2015,276.09976
2015-01-30 08:00:00,10,4,1,2015,278.83282
2015-01-30 09:00:00,11,4,1,2015,279.44754
2015-01-30 10:00:00,12,4,1,2015,282.10748
2015-01-30 11:00:00,13,4,1,2015,282.15582
2015-01-30 12:00:00,14,4,1,2015,282.0498
2015-01-30 13:00:00,15,4,1,2015,281.96075
2015-01-30 14:00:00,16,4,1,2015,282.1578
2015-01-30 15:00:00,17,4,1,2015,282.16077
2015-01-30 16:00:00,18,4,1,2015,281.99744
2015-01-30 17:00:00,19,4,1,2015,281.66946
2015-01-30 18:00:00,20,4,1,2015,281.32538
2015-01-30 19:00:00,21,4,1,2015,281.32385
2015-01-30 20:00:00,22,4,1,2015,281.68756
2015-01-30 21:00:00,23,4,1,2015,281.90643
2015-01-30 22:00:00,0,5,1,2015,281.93005
2015-01-30 23:00:00,1,5,1,2015,281.96927
2015-01-31 00:00:00,2,5,1,2015,281.87057
2015-01-31 01:00:00,3,5,1,2015,281.64825
2015-01-31 02:00:00,4,5,1,2015,281.2628
2015-01-31 03:00:00,5,5,1,2015,280.91833
2015-01-31 04:00:00,6,5,1,2015,280.8842
2015-01-31 05:00:00,7,5,1,2015,280.50638
2015-01-31 06:00:00,8,5,1,2015,280.40744
2015-01-31 07:00:00,9,5,1,2015,280.54022
2015-01-31 08:00:00,10,5,1,2015,281.86893
2015-01-31 09:00:00,11,5,1,2015,281.5022
2015-01-31 10:00:00,12,5,1,2015,282.66382
2015-01-31 11:00:00,13,5,1,2015,282.88965
2015-01-31 12:00:00,14,5,1,2015,282.94406
2015-01-31 13:00:00,15,5,1,2015,282.92722
2015-01-31 14:00:00,16,5,1,2015,281.39285
2015-01-31 15:00:00,17,5,1,2015,281.3669
2015-01-31 16:00:00,18,5,1,2015,281.1205
2015-01-31 17:00:00,19,5,1,2015,278.98917
2015-01-31 18:00:00,20,5,1,2015,278.89493
2015-01-31 19:00:00,21,5,1,2015,278.6542
2015-01-31 20:00:00,22,5,1,2015,277.55267
2015-01-31 21:00:00,23,5,1,2015,277.17413
2015-01-31 22:00:00,0,6,2,2015,276.56366
2015-01-31 23:00:00,1,6,2,2015,276.43576
2015-02-01 00:00:00,2,6,2,2015,276.32504
2015-02-01 01:00:00,3,6,2,2015,276.15027
2015-02-01 02:00:00,4,6,2,2015,275.7943
2015-02-01 03:00:00,5,6,2,2015,275.492
2015-02-01 04:00:00,6,6,2,2015,275.36234
2015-02-01 05:00:00,7,6,2,2015,275.34445
2015-02-01 06:00:00,8,6,2,2015,275.53058
2015-02-01 07:00:00,9,6,2,2015,275.9463
2015-02-01 08:00:00,10,6,2,2015,277.4218
2015-02-01 09:00:00,11,6,2,2015,278.01523
2015-02-01 10:00:00,12,6,2,2015,279.21948
2015-02-01 11:00:00,13,6,2,2015,279.9237
2015-02-01 12:00:00,14,6,2,2015,280.51974
2015-02-01 13:00:00,15,6,2,2015,280.35434
2015-02-01 14:00:00,16,6,2,2015,280.47318
2015-02-01 15:00:00,17,6,2,2015,280.44547
2015-02-01 16:00:00,18,6,2,2015,280.17896
2015-02-01 17:00:00,19,6,2,2015,278.93356
2015-02-01 18:00:00,20,6,2,2015,278.6992
2015-02-01 19:00:00,21,6,2,2015,278.5126
2015-02-01 20:00:00,22,6,2,2015,277.5943
2015-02-01 21:00:00,23,6,2,2015,277.27997
2015-02-01 22:00:00,0,0,2,2015,276.96326
2015-02-01 23:00:00,1,0,2,2015,276.7049
2015-02-02 00:00:00,2,0,2,2015,276.74918
2015-02-02 01:00:00,3,0,2,2015,276.7123
2015-02-02 02:00:00,4,0,2,2015,276.8087
2015-02-02 03:00:00,5,0,2,2015,276.78595
2015-02-02 04:00:00,6,0,2,2015,276.65698
2015-02-02 05:00:00,7,0,2,2015,276.23212
2015-02-02 06:00:00,8,0,2,2015,276.10767
2015-02-02 07:00:00,9,0,2,2015,276.4315
2015-02-02 08:00:00,10,0,2,2015,278.6883
2015-02-02 09:00:00,11,0,2,2015,279.01077
2015-02-02 10:00:00,12,0,2,2015,280.35236
2015-02-02 11:00:00,13,0,2,2015,280.13382
2015-02-02 12:00:00,14,0,2,2015,280.42612
2015-02-02 13:00:00,15,0,2,2015,280.5446
2015-02-02 14:00:00,16,0,2,2015,280.04996
2015-02-02 15:00:00,17,0,2,2015,279.67447
2015-02-02 16:00:00,18,0,2,2015,279.17447
2015-02-02 17:00:00,19,0,2,2015,277.56815
2015-02-02 18:00:00,20,0,2,2015,277.76712
2015-02-02 19:00:00,21,0,2,2015,277.0995
2015-02-02 20:00:00,22,0,2,2015,276.26663
2015-02-02 21:00:00,23,0,2,2015,275.9663
2015-02-02 22:00:00,0,1,2,2015,275.22238
2015-02-02 23:00:00,1,1,2,2015,275.04752
2015-02-03 00:00:00,2,1,2,2015,275.04565
2015-02-03 01:00:00,3,1,2,2015,275.03235
2015-02-03 02:00:00,4,1,2,2015,274.48682
2015-02-03 03:00:00,5,1,2,2015,274.42496
2015-02-03 04:00:00,6,1,2,2015,274.38232
2015-02-03 05:00:00,7,1,2,2015,273.80832
2015-02-03 06:00:00,8,1,2,2015,273.76367
2015-02-03 07:00:00,9,1,2,2015,273.2367
2015-02-03 08:00:00,10,1,2,2015,275.22202
2015-02-03 09:00:00,11,1,2,2015,275.50378
2015-02-03 10:00:00,12,1,2,2015,277.66498
2015-02-03 11:00:00,13,1,2,2015,277.89066
2015-02-03 12:00:00,14,1,2,2015,278.15378
2015-02-03 13:00:00,15,1,2,2015,278.2152
2015-02-03 14:00:00,16,1,2,2015,278.2776
2015-02-03 15:00:00,17,1,2,2015,278.66458
2015-02-03 16:00:00,18,1,2,2015,278.3512
2015-02-03 17:00:00,19,1,2,2015,274.43494
2015-02-03 18:00:00,20,1,2,2015,274.03412
2015-02-03 19:00:00,21,1,2,2015,273.47858
2015-02-03 20:00:00,22,1,2,2015,272.63843
2015-02-03 21:00:00,23,1,2,2015,272.4894
2015-02-03 22:00:00,0,2,2,2015,272.10123
2015-02-03 23:00:00,1,2,2,2015,272.01898
2015-02-04 00:00:00,2,2,2,2015,271.79034
2015-02-04 01:00:00,3,2,2,2015,271.48276
2015-02-04 02:00:00,4,2,2,2015,271.33047
2015-02-04 03:00:00,5,2,2,2015,271.30566
2015-02-04 04:00:00,6,2,2,2015,271.16818
2015-02-04 05:00:00,7,2,2,2015,271.48898
2015-02-04 06:00:00,8,2,2,2015,271.81482
2015-02-04 07:00:00,9,2,2,2015,272.76523
2015-02-04 08:00:00,10,2,2,2015,275.68546
2015-02-04 09:00:00,11,2,2,2015,276.151
2015-02-04 10:00:00,12,2,2,2015,278.0758
2015-02-04 11:00:00,13,2,2,2015,278.03625
2015-02-04 12:00:00,14,2,2,2015,278.16626
2015-02-04 13:00:00,15,2,2,2015,278.30743
2015-02-04 14:00:00,16,2,2,2015,278.8416
2015-02-04 15:00:00,17,2,2,2015,278.87292
2015-02-04 16:00:00,18,2,2,2015,278.42184
2015-02-04 17:00:00,19,2,2,2015,277.38507
2015-02-04 18:00:00,20,2,2,2015,277.34454
2015-02-04 19:00:00,21,2,2,2015,277.7556
2015-02-04 20:00:00,22,2,2,2015,277.13467
2015-02-04 21:00:00,23,2,2,2015,276.89737
2015-02-04 22:00:00,0,3,2,2015,275.79538
2015-02-04 23:00:00,1,3,2,2015,275.57843
2015-02-05 00:00:00,2,3,2,2015,275.692
2015-02-05 01:00:00,3,3,2,2015,275.8716
2015-02-05 02:00:00,4,3,2,2015,275.11884
2015-02-05 03:00:00,5,3,2,2015,275.06146
2015-02-05 04:00:00,6,3,2,2015,274.75217
2015-02-05 05:00:00,7,3,2,2015,274.25693
2015-02-05 06:00:00,8,3,2,2015,274.19928
2015-02-05 07:00:00,9,3,2,2015,274.78528
2015-02-05 08:00:00,10,3,2,2015,277.88953
2015-02-05 09:00:00,11,3,2,2015,278.4373
2015-02-05 10:00:00,12,3,2,2015,281.42303
2015-02-05 11:00:00,13,3,2,2015,281.71826
2015-02-05 12:00:00,14,3,2,2015,281.78366
2015-02-05 13:00:00,15,3,2,2015,281.92502
2015-02-05 14:00:00,16,3,2,2015,282.13025
2015-02-05 15:00:00,17,3,2,2015,281.3386
2015-02-05 16:00:00,18,3,2,2015,280.25247
2015-02-05 17:00:00,19,3,2,2015,279.00015
2015-02-05 18:00:00,20,3,2,2015,279.08554
2015-02-05 19:00:00,21,3,2,2015,278.74667
2015-02-05 20:00:00,22,3,2,2015,278.39133
2015-02-05 21:00:00,23,3,2,2015,277.9994
2015-02-05 22:00:00,0,4,2,2015,277.51987
2015-02-05 23:00:00,1,4,2,2015,277.23642
2015-02-06 00:00:00,2,4,2,2015,277.38733
2015-02-06 01:00:00,3,4,2,2015,277.17883
2015-02-06 02:00:00,4,4,2,2015,276.5291
2015-02-06 03:00:00,5,4,2,2015,276.47476
2015-02-06 04:00:00,6,4,2,2015,276.54248
2015-02-06 05:00:00,7,4,2,2015,276.36185
2015-02-06 06:00:00,8,4,2,2015,276.3674
2015-02-06 07:00:00,9,4,2,2015,276.33832
2015-02-06 08:00:00,10,4,2,2015,276.66824
2015-02-06 09:00:00,11,4,2,2015,276.75406
2015-02-06 10:00:00,12,4,2,2015,276.68835
2015-02-06 11:00:00,13,4,2,2015,277.09006
2015-02-06 12:00:00,14,4,2,2015,277.32245
2015-02-06 13:00:00,15,4,2,2015,277.54977
2015-02-06 14:00:00,16,4,2,2015,276.64917
2015-02-06 15:00:00,17,4,2,2015,276.34775
2015-02-06 16:00:00,18,4,2,2015,276.12204
2015-02-06 17:00:00,19,4,2,2015,275.16373
2015-02-06 18:00:00,20,4,2,2015,274.90445
2015-02-06 19:00:00,21,4,2,2015,274.81235
2015-02-06 20:00:00,22,4,2,2015,274.34964
2015-02-06 21:00:00,23,4,2,2015,274.1026
2015-02-06 22:00:00,0,5,2,2015,273.05215
2015-02-06 23:00:00,1,5,2,2015,273.03012
2015-02-07 00:00:00,2,5,2,2015,273.19385
2015-02-07 01:00:00,3,5,2,2015,273.06436
2015-02-07 02:00:00,4,5,2,2015,272.46695
2015-02-07 03:00:00,5,5,2,2015,272.24854
2015-02-07 04:00:00,6,5,2,2015,272.1622
2015-02-07 05:00:00,7,5,2,2015,271.69644
2015-02-07 06:00:00,8,5,2,2015,271.45123
2015-02-07 07:00:00,9,5,2,2015,271.14148
2015-02-07 08:00:00,10,5,2,2015,271.47922
2015-02-07 09:00:00,11,5,2,2015,271.55002
2015-02-07 10:00:00,12,5,2,2015,272.41916
2015-02-07 11:00:00,13,5,2,2015,272.43488
2015-02-07 12:00:00,14,5,2,2015,272.51254
2015-02-07 13:00:00,15,5,2,2015,272.65857
2015-02-07 14:00:00,16,5,2,2015,272.3021
2015-02-07 15:00:00,17,5,2,2015,271.97324
2015-02-07 16:00:00,18,5,2,2015,271.73538
2015-02-07 17:00:00,19,5,2,2015,271.23807
2015-02-07 18:00:00,20,5,2,2015,271.1656
2015-02-07 19:00:00,21,5,2,2015,271.23438
2015-02-07 20:00:00,22,5,2,2015,270.6693
2015-02-07 21:00:00,23,5,2,2015,270.10162
2015-02-07 22:00:00,0,6,2,2015,269.29898
2015-02-07 23:00:00,1,6,2,2015,268.9523
2015-02-08 00:00:00,2,6,2,2015,268.89954
2015-02-08 01:00:00,3,6,2,2015,269.39124
2015-02-08 02:00:00,4,6,2,2015,269.37112
2015-02-08 03:00:00,5,6,2,2015,269.85135
2015-02-08 04:00:00,6,6,2,2015,269.91025
2015-02-08 05:00:00,7,6,2,2015,269.68542
2015-02-08 06:00:00,8,6,2,2015,269.71225
2015-02-08 07:00:00,9,6,2,2015,270.0602
2015-02-08 08:00:00,10,6,2,2015,271.57306
2015-02-08 09:00:00,11,6,2,2015,272.14603
2015-02-08 10:00:00,12,6,2,2015,273.74567
2015-02-08 11:00:00,13,6,2,2015,274.1436
2015-02-08 12:00:00,14,6,2,2015,274.19836
2015-02-08 13:00:00,15,6,2,2015,274.15396
2015-02-08 14:00:00,16,6,2,2015,273.7847
2015-02-08 15:00:00,17,6,2,2015,273.55783
2015-02-08 16:00:00,18,6,2,2015,273.3058
2015-02-08 17:00:00,19,6,2,2015,272.3302
2015-02-08 18:00:00,20,6,2,2015,271.97498
2015-02-08 19:00:00,21,6,2,2015,271.8225
2015-02-08 20:00:00,22,6,2,2015,271.2591
2015-02-08 21:00:00,23,6,2,2015,271.16367
2015-02-08 22:00:00,0,0,2,2015,270.3702
2015-02-08 23:00:00,1,0,2,2015,270.61264
2015-02-09 00:00:00,2,0,2,2015,269.87097
2015-02-09 01:00:00,3,0,2,2015,269.48593
2015-02-09 02:00:00,4,0,2,2015,269.42072
2015-02-09 03:00:00,5,0,2,2015,269.56964
2015-02-09 04:00:00,6,0,2,2015,269.86716
2015-02-09 05:00:00,7,0,2,2015,269.67245
2015-02-09 06:00:00,8,0,2,2015,270.0272
2015-02-09 07:00:00,9,0,2,2015,270.3731
2015-02-09 08:00:00,10,0,2,2015,271.2882
2015-02-09 09:00:00,11,0,2,2015,271.54263
2015-02-09 10:00:00,12,0,2,2015,272.29016
2015-02-09 11:00:00,13,0,2,2015,272.44257
2015-02-09 12:00:00,14,0,2,2015,272.31042
2015-02-09 13:00:00,15,0,2,2015,272.32202
2015-02-09 14:00:00,16,0,2,2015,271.753
2015-02-09 15:00:00,17,0,2,2015,271.77588
2015-02-09 16:00:00,18,0,2,2015,271.02243
2015-02-09 17:00:00,19,0,2,2015,268.33542
2015-02-09 18:00:00,20,0,2,2015,268.35938
2015-02-09 19:00:00,21,0,2,2015,268.65768
2015-02-09 20:00:00,22,0,2,2015,268.5387
2015-02-09 21:00:00,23,0,2,2015,268.29993
2015-02-09 22:00:00,0,1,2,2015,266.2786
2015-02-09 23:00:00,1,1,2,2015,266.05426
2015-02-10 00:00:00,2,1,2,2015,265.52515
2015-02-10 01:00:00,3,1,2,2015,264.99036
2015-02-10 02:00:00,4,1,2,2015,263.85944
2015-02-10 03:00:00,5,1,2,2015,263.71384
2015-02-10 04:00:00,6,1,2,2015,263.14832
2015-02-10 05:00:00,7,1,2,2015,262.16595
2015-02-10 06:00:00,8,1,2,2015,262.03015
2015-02-10 07:00:00,9,1,2,2015,262.45905
2015-02-10 08:00:00,10,1,2,2015,267.28552
2015-02-10 09:00:00,11,1,2,2015,268.55807
2015-02-10 10:00:00,12,1,2,2015,270.62628
2015-02-10 11:00:00,13,1,2,2015,270.7896
2015-02-10 12:00:00,14,1,2,2015,270.77625
2015-02-10 13:00:00,15,1,2,2015,270.8676
2015-02-10 14:00:00,16,1,2,2015,270.38187
2015-02-10 15:00:00,17,1,2,2015,270.21976
2015-02-10 16:00:00,18,1,2,2015,269.3677
2015-02-10 17:00:00,19,1,2,2015,267.6742
2015-02-10 18:00:00,20,1,2,2015,267.6439
2015-02-10 19:00:00,21,1,2,2015,266.74664
2015-02-10 20:00:00,22,1,2,2015,265.43756
2015-02-10 21:00:00,23,1,2,2015,264.18558
2015-02-10 22:00:00,0,2,2,2015,264.52185
2015-02-10 23:00:00,1,2,2,2015,264.46863
2015-02-11 00:00:00,2,2,2,2015,264.61078
2015-02-11 01:00:00,3,2,2,2015,264.08313
2015-02-11 02:00:00,4,2,2,2015,262.7471
2015-02-11 03:00:00,5,2,2,2015,260.9923
2015-02-11 04:00:00,6,2,2,2015,261.4211
2015-02-11 05:00:00,7,2,2,2015,261.29184
2015-02-11 06:00:00,8,2,2,2015,261.32468
2015-02-11 07:00:00,9,2,2,2015,262.34174
2015-02-11 08:00:00,10,2,2,2015,267.058
2015-02-11 09:00:00,11,2,2,2015,268.13617
2015-02-11 10:00:00,12,2,2,2015,270.02
2015-02-11 11:00:00,13,2,2,2015,270.37497
2015-02-11 12:00:00,14,2,2,2015,270.35022
2015-02-11 13:00:00,15,2,2,2015,270.29294
2015-02-11 14:00:00,16,2,2,2015,270.15765
2015-02-11 15:00:00,17,2,2,2015,269.80087
2015-02-11 16:00:00,18,2,2,2015,269.15866
2015-02-11 17:00:00,19,2,2,2015,267.39032
2015-02-11 18:00:00,20,2,2,2015,267.68134
2015-02-11 19:00:00,21,2,2,2015,266.95444
2015-02-11 20:00:00,22,2,2,2015,265.8158
2015-02-11 21:00:00,23,2,2,2015,265.45505
2015-02-11 22:00:00,0,3,2,2015,264.78882
2015-02-11 23:00:00,1,3,2,2015,264.016
2015-02-12 00:00:00,2,3,2,2015,264.04483
2015-02-12 01:00:00,3,3,2,2015,263.96985
2015-02-12 02:00:00,4,3,2,2015,264.38074
2015-02-12 03:00:00,5,3,2,2015,264.74158
2015-02-12 04:00:00,6,3,2,2015,265.03534
2015-02-12 05:00:00,7,3,2,2015,265.61496
2015-02-12 06:00:00,8,3,2,2015,265.79245
2015-02-12 07:00:00,9,3,2,2015,266.1537
2015-02-12 08:00:00,10,3,2,2015,269.06628
2015-02-12 09:00:00,11,3,2,2015,269.45532
2015-02-12 10:00:00,12,3,2,2015,272.4415
2015-02-12 11:00:00,13,3,2,2015,272.69348
2015-02-12 12:00:00,14,3,2,2015,272.85294
2015-02-12 13:00:00,15,3,2,2015,273.0128
2015-02-12 14:00:00,16,3,2,2015,273.37552
2015-02-12 15:00:00,17,3,2,2015,273.35373
2015-02-12 16:00:00,18,3,2,2015,272.8644
2015-02-12 17:00:00,19,3,2,2015,270.15643
2015-02-12 18:00:00,20,3,2,2015,270.443
2015-02-12 19:00:00,21,3,2,2015,270.52948
2015-02-12 20:00:00,22,3,2,2015,269.45126
2015-02-12 21:00:00,23,3,2,2015,269.12595
2015-02-12 22:00:00,0,4,2,2015,268.3599
2015-02-12 23:00:00,1,4,2,2015,268.1691
2015-02-13 00:00:00,2,4,2,2015,268.00165
2015-02-13 01:00:00,3,4,2,2015,267.97745
2015-02-13 02:00:00,4,4,2,2015,267.1967
2015-02-13 03:00:00,5,4,2,2015,266.86914
2015-02-13 04:00:00,6,4,2,2015,266.63736
2015-02-13 05:00:00,7,4,2,2015,266.08597
2015-02-13 06:00:00,8,4,2,2015,265.9537
2015-02-13 07:00:00,9,4,2,2015,266.27502
2015-02-13 08:00:00,10,4,2,2015,271.85104
2015-02-13 09:00:00,11,4,2,2015,272.70764
2015-02-13 10:00:00,12,4,2,2015,275.48206
2015-02-13 11:00:00,13,4,2,2015,276.16888
2015-02-13 12:00:00,14,4,2,2015,276.55072
2015-02-13 13:00:00,15,4,2,2015,276.84006
2015-02-13 14:00:00,16,4,2,2015,277.2463
2015-02-13 15:00:00,17,4,2,2015,277.1921
2015-02-13 16:00:00,18,4,2,2015,275.67905
2015-02-13 17:00:00,19,4,2,2015,272.71844
2015-02-13 18:00:00,20,4,2,2015,272.45984
2015-02-13 19:00:00,21,4,2,2015,271.71634
2015-02-13 20:00:00,22,4,2,2015,270.0135
2015-02-13 21:00:00,23,4,2,2015,270.03983
2015-02-13 22:00:00,0,5,2,2015,269.23083
2015-02-13 23:00:00,1,5,2,2015,269.06955
2015-02-14 00:00:00,2,5,2,2015,268.84167
2015-02-14 01:00:00,3,5,2,2015,268.6632
2015-02-14 02:00:00,4,5,2,2015,267.78906
2015-02-14 03:00:00,5,5,2,2015,267.68744
2015-02-14 04:00:00,6,5,2,2015,267.5973
2015-02-14 05:00:00,7,5,2,2015,267.50348
2015-02-14 06:00:00,8,5,2,2015,267.44193
2015-02-14 07:00:00,9,5,2,2015,267.895
2015-02-14 08:00:00,10,5,2,2015,273.40613
2015-02-14 09:00:00,11,5,2,2015,274.12604
2015-02-14 10:00:00,12,5,2,2015,277.49158
2015-02-14 11:00:00,13,5,2,2015,277.75525
2015-02-14 12:00:00,14,5,2,2015,278.05173
2015-02-14 13:00:00,15,5,2,2015,278.3255
2015-02-14 14:00:00,16,5,2,2015,278.20825
2015-02-14 15:00:00,17,5,2,2015,278.10297
2015-02-14 16:00:00,18,5,2,2015,276.85922
2015-02-14 17:00:00,19,5,2,2015,272.8859
2015-02-14 18:00:00,20,5,2,2015,272.9301
2015-02-14 19:00:00,21,5,2,2015,272.6418
2015-02-14 20:00:00,22,5,2,2015,271.48517
2015-02-14 21:00:00,23,5,2,2015,271.5426
2015-02-14 22:00:00,0,6,2,2015,270.77948
2015-02-14 23:00:00,1,6,2,2015,270.68988
2015-02-15 00:00:00,2,6,2,2015,270.57532
2015-02-15 01:00:00,3,6,2,2015,270.69577
2015-02-15 02:00:00,4,6,2,2015,270.47366
2015-02-15 03:00:00,5,6,2,2015,270.32742
2015-02-15 04:00:00,6,6,2,2015,270.11087
2015-02-15 05:00:00,7,6,2,2015,269.80045
2015-02-15 06:00:00,8,6,2,2015,269.94897
2015-02-15 07:00:00,9,6,2,2015,270.3573
2015-02-15 08:00:00,10,6,2,2015,273.6401
2015-02-15 09:00:00,11,6,2,2015,274.20438
2015-02-15 10:00:00,12,6,2,2015,276.69064
2015-02-15 11:00:00,13,6,2,2015,276.7549
2015-02-15 12:00:00,14,6,2,2015,276.82443
2015-02-15 13:00:00,15,6,2,2015,276.7753
2015-02-15 14:00:00,16,6,2,2015,276.7232
2015-02-15 15:00:00,17,6,2,2015,276.4839
2015-02-15 16:00:00,18,6,2,2015,275.2855
2015-02-15 17:00:00,19,6,2,2015,272.922
2015-02-15 18:00:00,20,6,2,2015,272.99454
2015-02-15 19:00:00,21,6,2,2015,273.11676
2015-02-15 20:00:00,22,6,2,2015,272.5528
2015-02-15 21:00:00,23,6,2,2015,272.86053
2015-02-15 22:00:00,0,0,2,2015,272.05707
2015-02-15 23:00:00,1,0,2,2015,272.0896
2015-02-16 00:00:00,2,0,2,2015,272.03677
2015-02-16 01:00:00,3,0,2,2015,272.1933
2015-02-16 02:00:00,4,0,2,2015,271.89084
2015-02-16 03:00:00,5,0,2,2015,271.68784
2015-02-16 04:00:00,6,0,2,2015,271.71658
2015-02-16 05:00:00,7,0,2,2015,271.8144
2015-02-16 06:00:00,8,0,2,2015,271.65195
2015-02-16 07:00:00,9,0,2,2015,271.27933
2015-02-16 08:00:00,10,0,2,2015,273.21033
2015-02-16 09:00:00,11,0,2,2015,273.40173
2015-02-16 10:00:00,12,0,2,2015,275.15042
2015-02-16 11:00:00,13,0,2,2015,275.50232
2015-02-16 12:00:00,14,0,2,2015,275.48395
2015-02-16 13:00:00,15,0,2,2015,275.25397
2015-02-16 14:00:00,16,0,2,2015,274.6924
2015-02-16 15:00:00,17,0,2,2015,274.44092
2015-02-16 16:00:00,18,0,2,2015,273.97995
2015-02-16 17:00:00,19,0,2,2015,272.38425
2015-02-16 18:00:00,20,0,2,2015,272.45724
2015-02-16 19:00:00,21,0,2,2015,272.4448
2015-02-16 20:00:00,22,0,2,2015,272.3307
2015-02-16 21:00:00,23,0,2,2015,272.34515
2015-02-16 22:00:00,0,1,2,2015,271.65076
2015-02-16 23:00:00,1,1,2,2015,271.59534
2015-02-17 00:00:00,2,1,2,2015,271.4911
2015-02-17 01:00:00,3,1,2,2015,271.34558
2015-02-17 02:00:00,4,1,2,2015,270.5107
2015-02-17 03:00:00,5,1,2,2015,270.0079
2015-02-17 04:00:00,6,1,2,2015,269.91638
2015-02-17 05:00:00,7,1,2,2015,269.16095
2015-02-17 06:00:00,8,1,2,2015,268.77972
2015-02-17 07:00:00,9,1,2,2015,268.51813
2015-02-17 08:00:00,10,1,2,2015,269.1964
2015-02-17 09:00:00,11,1,2,2015,269.21457
2015-02-17 10:00:00,12,1,2,2015,269.8329
2015-02-17 11:00:00,13,1,2,2015,269.78824
2015-02-17 12:00:00,14,1,2,2015,269.59702
2015-02-17 13:00:00,15,1,2,2015,269.5098
2015-02-17 14:00:00,16,1,2,2015,269.1459
2015-02-17 15:00:00,17,1,2,2015,268.89124
2015-02-17 16:00:00,18,1,2,2015,269.1821
2015-02-17 17:00:00,19,1,2,2015,267.1364
2015-02-17 18:00:00,20,1,2,2015,266.97607
2015-02-17 19:00:00,21,1,2,2015,266.65588
2015-02-17 20:00:00,22,1,2,2015,265.70215
2015-02-17 21:00:00,23,1,2,2015,265.37415
2015-02-17 22:00:00,0,2,2,2015,264.77637
2015-02-17 23:00:00,1,2,2,2015,264.41483
2015-02-18 00:00:00,2,2,2,2015,264.13144
2015-02-18 01:00:00,3,2,2,2015,264.00592
2015-02-18 02:00:00,4,2,2,2015,263.11633
2015-02-18 03:00:00,5,2,2,2015,262.90463
2015-02-18 04:00:00,6,2,2,2015,263.10333
2015-02-18 05:00:00,7,2,2,2015,263.05008
2015-02-18 06:00:00,8,2,2,2015,263.13623
2015-02-18 07:00:00,9,2,2,2015,264.02765
2015-02-18 08:00:00,10,2,2,2015,268.65887
2015-02-18 09:00:00,11,2,2,2015,268.9384
2015-02-18 10:00:00,12,2,2,2015,271.70764
2015-02-18 11:00:00,13,2,2,2015,271.83197
2015-02-18 12:00:00,14,2,2,2015,271.94547
2015-02-18 13:00:00,15,2,2,2015,272.0528
2015-02-18 14:00:00,16,2,2,2015,272.4004
2015-02-18 15:00:00,17,2,2,2015,272.06424
2015-02-18 16:00:00,18,2,2,2015,271.34866
2015-02-18 17:00:00,19,2,2,2015,269.3448
2015-02-18 18:00:00,20,2,2,2015,269.41302
2015-02-18 19:00:00,21,2,2,2015,269.51624
2015-02-18 20:00:00,22,2,2,2015,268.46945
2015-02-18 21:00:00,23,2,2,2015,268.2391
2015-02-18 22:00:00,0,3,2,2015,267.051
2015-02-18 23:00:00,1,3,2,2015,267.0902
2015-02-19 00:00:00,2,3,2,2015,266.70798
2015-02-19 01:00:00,3,3,2,2015,266.90082
2015-02-19 02:00:00,4,3,2,2015,266.8353
2015-02-19 03:00:00,5,3,2,2015,266.7874
2015-02-19 04:00:00,6,3,2,2015,266.83517
2015-02-19 05:00:00,7,3,2,2015,266.84695
2015-02-19 06:00:00,8,3,2,2015,267.2909
2015-02-19 07:00:00,9,3,2,2015,268.3168
2015-02-19 08:00:00,10,3,2,2015,272.65915
2015-02-19 09:00:00,11,3,2,2015,273.13852
2015-02-19 10:00:00,12,3,2,2015,276.6751
2015-02-19 11:00:00,13,3,2,2015,277.07718
2015-02-19 12:00:00,14,3,2,2015,277.36508
2015-02-19 13:00:00,15,3,2,2015,277.58786
2015-02-19 14:00:00,16,3,2,2015,277.8418
2015-02-19 15:00:00,17,3,2,2015,277.6967
2015-02-19 16:00:00,18,3,2,2015,276.57623
2015-02-19 17:00:00,19,3,2,2015,274.68762
2015-02-19 18:00:00,20,3,2,2015,274.58447
2015-02-19 19:00:00,21,3,2,2015,274.69882
2015-02-19 20:00:00,22,3,2,2015,273.99026
2015-02-19 21:00:00,23,3,2,2015,273.93668
2015-02-19 22:00:00,0,4,2,2015,273.60602
2015-02-19 23:00:00,1,4,2,2015,273.26553
2015-02-20 00:00:00,2,4,2,2015,273.17572
2015-02-20 01:00:00,3,4,2,2015,273.15964
2015-02-20 02:00:00,4,4,2,2015,272.51022
2015-02-20 03:00:00,5,4,2,2015,272.5762
2015-02-20 04:00:00,6,4,2,2015,272.60855
2015-02-20 05:00:00,7,4,2,2015,272.53976
2015-02-20 06:00:00,8,4,2,2015,272.71646
2015-02-20 07:00:00,9,4,2,2015,273.07416
2015-02-20 08:00:00,10,4,2,2015,276.70938
2015-02-20 09:00:00,11,4,2,2015,277.16727
2015-02-20 10:00:00,12,4,2,2015,280.3546
2015-02-20 11:00:00,13,4,2,2015,280.70312
2015-02-20 12:00:00,14,4,2,2015,280.9473
2015-02-20 13:00:00,15,4,2,2015,281.1542
2015-02-20 14:00:00,16,4,2,2015,281.59158
2015-02-20 15:00:00,17,4,2,2015,281.5507
2015-02-20 16:00:00,18,4,2,2015,280.6127
2015-02-20 17:00:00,19,4,2,2015,277.41776
2015-02-20 18:00:00,20,4,2,2015,277.13504
2015-02-20 19:00:00,21,4,2,2015,276.60977
2015-02-20 20:00:00,22,4,2,2015,275.1351
2015-02-20 21:00:00,23,4,2,2015,275.08676
2015-02-20 22:00:00,0,5,2,2015,273.6366
2015-02-20 23:00:00,1,5,2,2015,273.46448
2015-02-21 00:00:00,2,5,2,2015,273.3949
2015-02-21 01:00:00,3,5,2,2015,273.20026
2015-02-21 02:00:00,4,5,2,2015,272.2177
2015-02-21 03:00:00,5,5,2,2015,272.2765
2015-02-21 04:00:00,6,5,2,2015,272.30173
2015-02-21 05:00:00,7,5,2,2015,271.92007
2015-02-21 06:00:00,8,5,2,2015,272.10193
2015-02-21 07:00:00,9,5,2,2015,272.694
2015-02-21 08:00:00,10,5,2,2015,278.8347
2015-02-21 09:00:00,11,5,2,2015,279.34714
2015-02-21 10:00:00,12,5,2,2015,282.46622
2015-02-21 11:00:00,13,5,2,2015,282.88422
2015-02-21 12:00:00,14,5,2,2015,283.1548
2015-02-21 13:00:00,15,5,2,2015,283.27582
2015-02-21 14:00:00,16,5,2,2015,283.2394
2015-02-21 15:00:00,17,5,2,2015,282.73608
2015-02-21 16:00:00,18,5,2,2015,280.2179
2015-02-21 17:00:00,19,5,2,2015,277.36542
2015-02-21 18:00:00,20,5,2,2015,276.964
2015-02-21 19:00:00,21,5,2,2015,276.8205
2015-02-21 20:00:00,22,5,2,2015,275.29526
2015-02-21 21:00:00,23,5,2,2015,275.255
2015-02-21 22:00:00,0,6,2,2015,274.3465
2015-02-21 23:00:00,1,6,2,2015,274.2225
2015-02-22 00:00:00,2,6,2,2015,274.23773
2015-02-22 01:00:00,3,6,2,2015,274.08792
2015-02-22 02:00:00,4,6,2,2015,273.90485
2015-02-22 03:00:00,5,6,2,2015,273.83005
2015-02-22 04:00:00,6,6,2,2015,273.5602
2015-02-22 05:00:00,7,6,2,2015,273.9336
2015-02-22 06:00:00,8,6,2,2015,274.38034
2015-02-22 07:00:00,9,6,2,2015,275.15515
2015-02-22 08:00:00,10,6,2,2015,278.8334
2015-02-22 09:00:00,11,6,2,2015,279.41785
2015-02-22 10:00:00,12,6,2,2015,281.3508
2015-02-22 11:00:00,13,6,2,2015,281.7655
2015-02-22 12:00:00,14,6,2,2015,282.34818
2015-02-22 13:00:00,15,6,2,2015,282.48456
2015-02-22 14:00:00,16,6,2,2015,282.21405
2015-02-22 15:00:00,17,6,2,2015,281.58105
2015-02-22 16:00:00,18,6,2,2015,280.7855
2015-02-22 17:00:00,19,6,2,2015,278.69302
2015-02-22 18:00:00,20,6,2,2015,278.6217
2015-02-22 19:00:00,21,6,2,2015,278.40002
2015-02-22 20:00:00,22,6,2,2015,277.832
2015-02-22 21:00:00,23,6,2,2015,277.71146
2015-02-22 22:00:00,0,0,2,2015,277.31357
2015-02-22 23:00:00,1,0,2,2015,277.3151
2015-02-23 00:00:00,2,0,2,2015,277.4749
2015-02-23 01:00:00,3,0,2,2015,277.52026
2015-02-23 02:00:00,4,0,2,2015,277.30728
2015-02-23 03:00:00,5,0,2,2015,277.55542
2015-02-23 04:00:00,6,0,2,2015,277.63968
2015-02-23 05:00:00,7,0,2,2015,277.59256
2015-02-23 06:00:00,8,0,2,2015,277.60114
2015-02-23 07:00:00,9,0,2,2015,277.74136
2015-02-23 08:00:00,10,0,2,2015,279.82016
2015-02-23 09:00:00,11,0,2,2015,280.14575
2015-02-23 10:00:00,12,0,2,2015,282.8735
2015-02-23 11:00:00,13,0,2,2015,283.0895
2015-02-23 12:00:00,14,0,2,2015,283.2207
2015-02-23 13:00:00,15,0,2,2015,283.30652
2015-02-23 14:00:00,16,0,2,2015,283.15292
2015-02-23 15:00:00,17,0,2,2015,282.76672
2015-02-23 16:00:00,18,0,2,2015,282.56723
2015-02-23 17:00:00,19,0,2,2015,280.66223
2015-02-23 18:00:00,20,0,2,2015,280.6641
2015-02-23 19:00:00,21,0,2,2015,280.19553
2015-02-23 20:00:00,22,0,2,2015,279.42474
2015-02-23 21:00:00,23,0,2,2015,279.05173
2015-02-23 22:00:00,0,1,2,2015,278.2339
2015-02-23 23:00:00,1,1,2,2015,277.75717
2015-02-24 00:00:00,2,1,2,2015,277.86255
2015-02-24 01:00:00,3,1,2,2015,277.87692
2015-02-24 02:00:00,4,1,2,2015,277.78098
2015-02-24 03:00:00,5,1,2,2015,277.75143
2015-02-24 04:00:00,6,1,2,2015,277.80133
2015-02-24 05:00:00,7,1,2,2015,277.72305
2015-02-24 06:00:00,8,1,2,2015,278.09167
2015-02-24 07:00:00,9,1,2,2015,278.34836
2015-02-24 08:00:00,10,1,2,2015,280.61914
2015-02-24 09:00:00,11,1,2,2015,281.1317
2015-02-24 10:00:00,12,1,2,2015,283.1506
2015-02-24 11:00:00,13,1,2,2015,283.23474
2015-02-24 12:00:00,14,1,2,2015,283.36993
2015-02-24 13:00:00,15,1,2,2015,283.4866
2015-02-24 14:00:00,16,1,2,2015,283.39047
2015-02-24 15:00:00,17,1,2,2015,283.2328
2015-02-24 16:00:00,18,1,2,2015,282.90295
2015-02-24 17:00:00,19,1,2,2015,281.3203
2015-02-24 18:00:00,20,1,2,2015,281.26144
2015-02-24 19:00:00,21,1,2,2015,281.2862
2015-02-24 20:00:00,22,1,2,2015,280.55487
2015-02-24 21:00:00,23,1,2,2015,280.59
2015-02-24 22:00:00,0,2,2,2015,279.96854
2015-02-24 23:00:00,1,2,2,2015,280.0589
2015-02-25 00:00:00,2,2,2,2015,280.20105
2015-02-25 01:00:00,3,2,2,2015,280.1693
2015-02-25 02:00:00,4,2,2,2015,279.50134
2015-02-25 03:00:00,5,2,2,2015,279.4955
2015-02-25 04:00:00,6,2,2,2015,279.2033
2015-02-25 05:00:00,7,2,2,2015,279.1934
2015-02-25 06:00:00,8,2,2,2015,279.24442
2015-02-25 07:00:00,9,2,2,2015,279.4268
2015-02-25 08:00:00,10,2,2,2015,280.64294
2015-02-25 09:00:00,11,2,2,2015,280.712
2015-02-25 10:00:00,12,2,2,2015,282.17194
2015-02-25 11:00:00,13,2,2,2015,282.47092
2015-02-25 12:00:00,14,2,2,2015,282.68372
2015-02-25 13:00:00,15,2,2,2015,282.6141
2015-02-25 14:00:00,16,2,2,2015,282.12692
2015-02-25 15:00:00,17,2,2,2015,281.96503
2015-02-25 16:00:00,18,2,2,2015,281.4908
2015-02-25 17:00:00,19,2,2,2015,280.23035
2015-02-25 18:00:00,20,2,2,2015,280.3613
2015-02-25 19:00:00,21,2,2,2015,280.47693
2015-02-25 20:00:00,22,2,2,2015,279.81848
2015-02-25 21:00:00,23,2,2,2015,279.54813
2015-02-25 22:00:00,0,3,2,2015,279.6291
2015-02-25 23:00:00,1,3,2,2015,278.97736
2015-02-26 00:00:00,2,3,2,2015,278.75192
2015-02-26 01:00:00,3,3,2,2015,278.43423
2015-02-26 02:00:00,4,3,2,2015,277.85754
2015-02-26 03:00:00,5,3,2,2015,277.4152
2015-02-26 04:00:00,6,3,2,2015,277.19568
2015-02-26 05:00:00,7,3,2,2015,276.7835
2015-02-26 06:00:00,8,3,2,2015,277.0168
2015-02-26 07:00:00,9,3,2,2015,278.07336
2015-02-26 08:00:00,10,3,2,2015,281.31897
2015-02-26 09:00:00,11,3,2,2015,281.69672
2015-02-26 10:00:00,12,3,2,2015,284.36194
2015-02-26 11:00:00,13,3,2,2015,284.7268
2015-02-26 12:00:00,14,3,2,2015,284.8578
2015-02-26 13:00:00,15,3,2,2015,285.05286
2015-02-26 14:00:00,16,3,2,2015,284.86755
2015-02-26 15:00:00,17,3,2,2015,284.54807
2015-02-26 16:00:00,18,3,2,2015,283.90845
2015-02-26 17:00:00,19,3,2,2015,281.39
2015-02-26 18:00:00,20,3,2,2015,281.2091
2015-02-26 19:00:00,21,3,2,2015,280.30258
2015-02-26 20:00:00,22,3,2,2015,278.5743
2015-02-26 21:00:00,23,3,2,2015,278.1218
2015-02-26 22:00:00,0,4,2,2015,277.42914
2015-02-26 23:00:00,1,4,2,2015,277.45786
2015-02-27 00:00:00,2,4,2,2015,277.60333
2015-02-27 01:00:00,3,4,2,2015,277.67422
2015-02-27 02:00:00,4,4,2,2015,277.44232
2015-02-27 03:00:00,5,4,2,2015,277.55862
2015-02-27 04:00:00,6,4,2,2015,277.27603
2015-02-27 05:00:00,7,4,2,2015,277.17395
2015-02-27 06:00:00,8,4,2,2015,277.32416
2015-02-27 07:00:00,9,4,2,2015,277.9184
2015-02-27 08:00:00,10,4,2,2015,281.13995
2015-02-27 09:00:00,11,4,2,2015,281.2376
2015-02-27 10:00:00,12,4,2,2015,283.7891
2015-02-27 11:00:00,13,4,2,2015,284.38235
2015-02-27 12:00:00,14,4,2,2015,284.2668
2015-02-27 13:00:00,15,4,2,2015,284.3714
2015-02-27 14:00:00,16,4,2,2015,284.06204
2015-02-27 15:00:00,17,4,2,2015,283.78372
2015-02-27 16:00:00,18,4,2,2015,283.7183
2015-02-27 17:00:00,19,4,2,2015,281.8013
2015-02-27 18:00:00,20,4,2,2015,281.78854
2015-02-27 19:00:00,21,4,2,2015,281.7087
2015-02-27 20:00:00,22,4,2,2015,280.89523
2015-02-27 21:00:00,23,4,2,2015,280.93063
2015-02-27 22:00:00,0,5,2,2015,280.5705
2015-02-27 23:00:00,1,5,2,2015,280.52676
2015-02-28 00:00:00,2,5,2,2015,280.40872
2015-02-28 01:00:00,3,5,2,2015,280.3817
2015-02-28 02:00:00,4,5,2,2015,280.00037
2015-02-28 03:00:00,5,5,2,2015,279.8356
2015-02-28 04:00:00,6,5,2,2015,279.84332
2015-02-28 05:00:00,7,5,2,2015,279.2217
2015-02-28 06:00:00,8,5,2,2015,278.96255
2015-02-28 07:00:00,9,5,2,2015,278.86252
2015-02-28 08:00:00,10,5,2,2015,281.6409
2015-02-28 09:00:00,11,5,2,2015,282.1359
2015-02-28 10:00:00,12,5,2,2015,284.27426
2015-02-28 11:00:00,13,5,2,2015,284.8796
2015-02-28 12:00:00,14,5,2,2015,284.9608
2015-02-28 13:00:00,15,5,2,2015,284.98718
2015-02-28 14:00:00,16,5,2,2015,284.46933
2015-02-28 15:00:00,17,5,2,2015,283.98724
2015-02-28 16:00:00,18,5,2,2015,284.04562
2015-02-28 17:00:00,19,5,2,2015,281.49997
2015-02-28 18:00:00,20,5,2,2015,281.42886
2015-02-28 19:00:00,21,5,2,2015,281.3556
2015-02-28 20:00:00,22,5,2,2015,280.29065
2015-02-28 21:00:00,23,5,2,2015,280.2742
2015-02-28 22:00:00,0,6,3,2015,278.92416
2015-02-28 23:00:00,1,6,3,2015,278.8651
2015-03-01 00:00:00,2,6,3,2015,278.98135
2015-03-01 01:00:00,3,6,3,2015,278.75546
2015-03-01 02:00:00,4,6,3,2015,278.45135
2015-03-01 03:00:00,5,6,3,2015,278.45657
2015-03-01 04:00:00,6,6,3,2015,278.53598
2015-03-01 05:00:00,7,6,3,2015,278.62213
2015-03-01 06:00:00,8,6,3,2015,278.63187
2015-03-01 07:00:00,9,6,3,2015,279.22717
2015-03-01 08:00:00,10,6,3,2015,281.02698
2015-03-01 09:00:00,11,6,3,2015,281.17566
2015-03-01 10:00:00,12,6,3,2015,282.76443
2015-03-01 11:00:00,13,6,3,2015,282.85504
2015-03-01 12:00:00,14,6,3,2015,283.21634
2015-03-01 13:00:00,15,6,3,2015,283.1216
2015-03-01 14:00:00,16,6,3,2015,283.32797
2015-03-01 15:00:00,17,6,3,2015,282.95404
2015-03-01 16:00:00,18,6,3,2015,282.67935
2015-03-01 17:00:00,19,6,3,2015,280.46637
2015-03-01 18:00:00,20,6,3,2015,280.3592
2015-03-01 19:00:00,21,6,3,2015,279.9244
2015-03-01 20:00:00,22,6,3,2015,278.4219
2015-03-01 21:00:00,23,6,3,2015,278.80374
2015-03-01 22:00:00,0,0,3,2015,277.3896
2015-03-01 23:00:00,1,0,3,2015,277.2406
2015-03-02 00:00:00,2,0,3,2015,277.3302
2015-03-02 01:00:00,3,0,3,2015,277.20468
2015-03-02 02:00:00,4,0,3,2015,276.3513
2015-03-02 03:00:00,5,0,3,2015,276.57413
2015-03-02 04:00:00,6,0,3,2015,276.6278
2015-03-02 05:00:00,7,0,3,2015,276.4227
2015-03-02 06:00:00,8,0,3,2015,276.71082
2015-03-02 07:00:00,9,0,3,2015,277.61682
2015-03-02 08:00:00,10,0,3,2015,281.35565
2015-03-02 09:00:00,11,0,3,2015,281.6048
2015-03-02 10:00:00,12,0,3,2015,285.05685
2015-03-02 11:00:00,13,0,3,2015,285.68964
2015-03-02 12:00:00,14,0,3,2015,285.95636
2015-03-02 13:00:00,15,0,3,2015,285.97098
2015-03-02 14:00:00,16,0,3,2015,286.29974
2015-03-02 15:00:00,17,0,3,2015,286.1393
2015-03-02 16:00:00,18,0,3,2015,285.82422
2015-03-02 17:00:00,19,0,3,2015,282.4326
2015-03-02 18:00:00,20,0,3,2015,282.4266
2015-03-02 19:00:00,21,0,3,2015,282.20862
2015-03-02 20:00:00,22,0,3,2015,280.70352
2015-03-02 21:00:00,23,0,3,2015,280.69293
2015-03-02 22:00:00,0,1,3,2015,279.97327
2015-03-02 23:00:00,1,1,3,2015,279.8414
2015-03-03 00:00:00,2,1,3,2015,279.6933
2015-03-03 01:00:00,3,1,3,2015,280.00937
2015-03-03 02:00:00,4,1,3,2015,279.78613
2015-03-03 03:00:00,5,1,3,2015,279.85822
2015-03-03 04:00:00,6,1,3,2015,279.96927
2015-03-03 05:00:00,7,1,3,2015,279.8477
2015-03-03 06:00:00,8,1,3,2015,279.9052
2015-03-03 07:00:00,9,1,3,2015,279.72815
2015-03-03 08:00:00,10,1,3,2015,281.35706
2015-03-03 09:00:00,11,1,3,2015,281.51782
2015-03-03 10:00:00,12,1,3,2015,282.76733
2015-03-03 11:00:00,13,1,3,2015,282.652
2015-03-03 12:00:00,14,1,3,2015,282.54688
2015-03-03 13:00:00,15,1,3,2015,282.68176
2015-03-03 14:00:00,16,1,3,2015,282.39713
2015-03-03 15:00:00,17,1,3,2015,282.14197
2015-03-03 16:00:00,18,1,3,2015,281.93582
2015-03-03 17:00:00,19,1,3,2015,278.60706
2015-03-03 18:00:00,20,1,3,2015,278.3947
2015-03-03 19:00:00,21,1,3,2015,278.1628
2015-03-03 20:00:00,22,1,3,2015,276.16217
2015-03-03 21:00:00,23,1,3,2015,275.54236
2015-03-03 22:00:00,0,2,3,2015,274.37723
2015-03-03 23:00:00,1,2,3,2015,274.0124
2015-03-04 00:00:00,2,2,3,2015,274.07605
2015-03-04 01:00:00,3,2,3,2015,274.09943
2015-03-04 02:00:00,4,2,3,2015,273.15674
2015-03-04 03:00:00,5,2,3,2015,273.18048
2015-03-04 04:00:00,6,2,3,2015,273.7042
2015-03-04 05:00:00,7,2,3,2015,273.4566
2015-03-04 06:00:00,8,2,3,2015,273.20618
2015-03-04 07:00:00,9,2,3,2015,273.64832
2015-03-04 08:00:00,10,2,3,2015,279.36264
2015-03-04 09:00:00,11,2,3,2015,279.76193
2015-03-04 10:00:00,12,2,3,2015,282.86835
2015-03-04 11:00:00,13,2,3,2015,283.17715
2015-03-04 12:00:00,14,2,3,2015,283.39502
2015-03-04 13:00:00,15,2,3,2015,283.7607
2015-03-04 14:00:00,16,2,3,2015,283.77557
2015-03-04 15:00:00,17,2,3,2015,283.7383
2015-03-04 16:00:00,18,2,3,2015,283.21057
2015-03-04 17:00:00,19,2,3,2015,278.6161
2015-03-04 18:00:00,20,2,3,2015,278.31622
2015-03-04 19:00:00,21,2,3,2015,278.06476
2015-03-04 20:00:00,22,2,3,2015,277.0385
2015-03-04 21:00:00,23,2,3,2015,276.83615
2015-03-04 22:00:00,0,3,3,2015,276.55396
2015-03-04 23:00:00,1,3,3,2015,276.73785
2015-03-05 00:00:00,2,3,3,2015,276.80878
2015-03-05 01:00:00,3,3,3,2015,277.0718
2015-03-05 02:00:00,4,3,3,2015,276.6918
2015-03-05 03:00:00,5,3,3,2015,276.4678
2015-03-05 04:00:00,6,3,3,2015,276.3695
2015-03-05 05:00:00,7,3,3,2015,276.19592
2015-03-05 06:00:00,8,3,3,2015,276.33884
2015-03-05 07:00:00,9,3,3,2015,276.44177
2015-03-05 08:00:00,10,3,3,2015,277.46957
2015-03-05 09:00:00,11,3,3,2015,277.56824
2015-03-05 10:00:00,12,3,3,2015,277.79822
2015-03-05 11:00:00,13,3,3,2015,277.87808
2015-03-05 12:00:00,14,3,3,2015,277.94748
2015-03-05 13:00:00,15,3,3,2015,278.0724
2015-03-05 14:00:00,16,3,3,2015,277.34933
2015-03-05 15:00:00,17,3,3,2015,276.9715
2015-03-05 16:00:00,18,3,3,2015,276.9872
2015-03-05 17:00:00,19,3,3,2015,276.0108
2015-03-05 18:00:00,20,3,3,2015,276.0716
2015-03-05 19:00:00,21,3,3,2015,276.1549
2015-03-05 20:00:00,22,3,3,2015,275.9018
2015-03-05 21:00:00,23,3,3,2015,275.80664
2015-03-05 22:00:00,0,4,3,2015,274.9757
2015-03-05 23:00:00,1,4,3,2015,274.89743
2015-03-06 00:00:00,2,4,3,2015,274.8332
2015-03-06 01:00:00,3,4,3,2015,274.82785
2015-03-06 02:00:00,4,4,3,2015,274.36557
2015-03-06 03:00:00,5,4,3,2015,274.33362
2015-03-06 04:00:00,6,4,3,2015,274.20593
2015-03-06 05:00:00,7,4,3,2015,274.14227
2015-03-06 06:00:00,8,4,3,2015,274.17554
2015-03-06 07:00:00,9,4,3,2015,274.31723
2015-03-06 08:00:00,10,4,3,2015,274.81058
2015-03-06 09:00:00,11,4,3,2015,275.19595
2015-03-06 10:00:00,12,4,3,2015,275.65274
2015-03-06 11:00:00,13,4,3,2015,275.52875
2015-03-06 12:00:00,14,4,3,2015,275.46033
2015-03-06 13:00:00,15,4,3,2015,275.44403
2015-03-06 14:00:00,16,4,3,2015,275.17566
2015-03-06 15:00:00,17,4,3,2015,275.0421
2015-03-06 16:00:00,18,4,3,2015,275.11487
2015-03-06 17:00:00,19,4,3,2015,274.58063
2015-03-06 18:00:00,20,4,3,2015,274.5594
2015-03-06 19:00:00,21,4,3,2015,274.7162
2015-03-06 20:00:00,22,4,3,2015,274.4079
2015-03-06 21:00:00,23,4,3,2015,274.41037
2015-03-06 22:00:00,0,5,3,2015,274.33844
2015-03-06 23:00:00,1,5,3,2015,274.30676
2015-03-07 00:00:00,2,5,3,2015,274.3083
2015-03-07 01:00:00,3,5,3,2015,274.31882
2015-03-07 02:00:00,4,5,3,2015,274.22388
2015-03-07 03:00:00,5,5,3,2015,274.09628
2015-03-07 04:00:00,6,5,3,2015,274.1098
2015-03-07 05:00:00,7,5,3,2015,274.0326
2015-03-07 06:00:00,8,5,3,2015,273.8921
2015-03-07 07:00:00,9,5,3,2015,273.8036
2015-03-07 08:00:00,10,5,3,2015,274.66995
2015-03-07 09:00:00,11,5,3,2015,274.7082
2015-03-07 10:00:00,12,5,3,2015,275.49448
2015-03-07 11:00:00,13,5,3,2015,275.3313
2015-03-07 12:00:00,14,5,3,2015,275.5937
2015-03-07 13:00:00,15,5,3,2015,275.42288
2015-03-07 14:00:00,16,5,3,2015,275.56348
2015-03-07 15:00:00,17,5,3,2015,275.4528
2015-03-07 16:00:00,18,5,3,2015,275.45532
2015-03-07 17:00:00,19,5,3,2015,274.55353
2015-03-07 18:00:00,20,5,3,2015,274.45428
2015-03-07 19:00:00,21,5,3,2015,274.46838
2015-03-07 20:00:00,22,5,3,2015,274.28458
2015-03-07 21:00:00,23,5,3,2015,274.2328
2015-03-07 22:00:00,0,6,3,2015,274.11734
2015-03-07 23:00:00,1,6,3,2015,274.28024
2015-03-08 00:00:00,2,6,3,2015,274.25183
2015-03-08 01:00:00,3,6,3,2015,274.28925
2015-03-08 02:00:00,4,6,3,2015,273.95392
2015-03-08 03:00:00,5,6,3,2015,273.9499
2015-03-08 04:00:00,6,6,3,2015,273.98303
2015-03-08 05:00:00,7,6,3,2015,273.7973
2015-03-08 06:00:00,8,6,3,2015,273.79532
2015-03-08 07:00:00,9,6,3,2015,273.91034
2015-03-08 08:00:00,10,6,3,2015,275.84308
2015-03-08 09:00:00,11,6,3,2015,275.963
2015-03-08 10:00:00,12,6,3,2015,276.905
2015-03-08 11:00:00,13,6,3,2015,277.01807
2015-03-08 12:00:00,14,6,3,2015,276.9814
2015-03-08 13:00:00,15,6,3,2015,276.90366
2015-03-08 14:00:00,16,6,3,2015,276.87964
2015-03-08 15:00:00,17,6,3,2015,276.7171
2015-03-08 16:00:00,18,6,3,2015,276.74384
2015-03-08 17:00:00,19,6,3,2015,275.1104
2015-03-08 18:00:00,20,6,3,2015,275.1382
2015-03-08 19:00:00,21,6,3,2015,275.20242
2015-03-08 20:00:00,22,6,3,2015,274.43457
2015-03-08 21:00:00,23,6,3,2015,274.4814
2015-03-08 22:00:00,0,0,3,2015,274.2106
2015-03-08 23:00:00,1,0,3,2015,274.34833
2015-03-09 00:00:00,2,0,3,2015,274.3346
2015-03-09 01:00:00,3,0,3,2015,274.28247
2015-03-09 02:00:00,4,0,3,2015,274.12912
2015-03-09 03:00:00,5,0,3,2015,273.97043
2015-03-09 04:00:00,6,0,3,2015,273.95944
2015-03-09 05:00:00,7,0,3,2015,273.68018
2015-03-09 06:00:00,8,0,3,2015,273.38434
2015-03-09 07:00:00,9,0,3,2015,273.24786
2015-03-09 08:00:00,10,0,3,2015,276.31165
2015-03-09 09:00:00,11,0,3,2015,276.49445
2015-03-09 10:00:00,12,0,3,2015,278.05096
2015-03-09 11:00:00,13,0,3,2015,277.94495
2015-03-09 12:00:00,14,0,3,2015,278.01773
2015-03-09 13:00:00,15,0,3,2015,278.0763
2015-03-09 14:00:00,16,0,3,2015,278.27188
2015-03-09 15:00:00,17,0,3,2015,278.1106
2015-03-09 16:00:00,18,0,3,2015,277.98532
2015-03-09 17:00:00,19,0,3,2015,275.73077
2015-03-09 18:00:00,20,0,3,2015,275.78564
2015-03-09 19:00:00,21,0,3,2015,275.70886
2015-03-09 20:00:00,22,0,3,2015,275.0802
2015-03-09 21:00:00,23,0,3,2015,275.1269
2015-03-09 22:00:00,0,1,3,2015,273.6483
2015-03-09 23:00:00,1,1,3,2015,273.86713
2015-03-10 00:00:00,2,1,3,2015,273.74985
2015-03-10 01:00:00,3,1,3,2015,273.96005
2015-03-10 02:00:00,4,1,3,2015,273.4825
2015-03-10 03:00:00,5,1,3,2015,273.45868
2015-03-10 04:00:00,6,1,3,2015,273.24045
2015-03-10 05:00:00,7,1,3,2015,273.3048
2015-03-10 06:00:00,8,1,3,2015,273.40497
2015-03-10 07:00:00,9,1,3,2015,273.64532
2015-03-10 08:00:00,10,1,3,2015,275.2984
2015-03-10 09:00:00,11,1,3,2015,275.37985
2015-03-10 10:00:00,12,1,3,2015,276.72565
2015-03-10 11:00:00,13,1,3,2015,276.96524
2015-03-10 12:00:00,14,1,3,2015,276.90338
2015-03-10 13:00:00,15,1,3,2015,277.10016
2015-03-10 14:00:00,16,1,3,2015,277.2614
2015-03-10 15:00:00,17,1,3,2015,277.2469
2015-03-10 16:00:00,18,1,3,2015,277.10107
2015-03-10 17:00:00,19,1,3,2015,275.453
2015-03-10 18:00:00,20,1,3,2015,275.65323
2015-03-10 19:00:00,21,1,3,2015,275.65634
2015-03-10 20:00:00,22,1,3,2015,275.24063
2015-03-10 21:00:00,23,1,3,2015,275.3421
2015-03-10 22:00:00,0,2,3,2015,274.58652
2015-03-10 23:00:00,1,2,3,2015,274.63586
2015-03-11 00:00:00,2,2,3,2015,274.51892
2015-03-11 01:00:00,3,2,3,2015,274.3953
2015-03-11 02:00:00,4,2,3,2015,273.50085
2015-03-11 03:00:00,5,2,3,2015,272.94296
2015-03-11 04:00:00,6,2,3,2015,272.22058
2015-03-11 05:00:00,7,2,3,2015,271.7847
2015-03-11 06:00:00,8,2,3,2015,271.0356
2015-03-11 07:00:00,9,2,3,2015,272.35364
2015-03-11 08:00:00,10,2,3,2015,275.73288
2015-03-11 09:00:00,11,2,3,2015,276.2896
2015-03-11 10:00:00,12,2,3,2015,278.7725
2015-03-11 11:00:00,13,2,3,2015,279.08194
2015-03-11 12:00:00,14,2,3,2015,279.22952
2015-03-11 13:00:00,15,2,3,2015,279.4461
2015-03-11 14:00:00,16,2,3,2015,279.53906
2015-03-11 15:00:00,17,2,3,2015,279.28015
2015-03-11 16:00:00,18,2,3,2015,279.1313
2015-03-11 17:00:00,19,2,3,2015,277.11862
2015-03-11 18:00:00,20,2,3,2015,277.22223
2015-03-11 19:00:00,21,2,3,2015,276.91565
2015-03-11 20:00:00,22,2,3,2015,275.69852
2015-03-11 21:00:00,23,2,3,2015,275.6792
2015-03-11 22:00:00,0,3,3,2015,274.94995
2015-03-11 23:00:00,1,3,3,2015,274.6803
2015-03-12 00:00:00,2,3,3,2015,274.23874
2015-03-12 01:00:00,3,3,3,2015,273.71106
2015-03-12 02:00:00,4,3,3,2015,272.8595
2015-03-12 03:00:00,5,3,3,2015,272.4485
2015-03-12 04:00:00,6,3,3,2015,272.17642
2015-03-12 05:00:00,7,3,3,2015,272.3885
2015-03-12 06:00:00,8,3,3,2015,272.70206
2015-03-12 07:00:00,9,3,3,2015,274.16055
2015-03-12 08:00:00,10,3,3,2015,277.7308
2015-03-12 09:00:00,11,3,3,2015,278.07147
2015-03-12 10:00:00,12,3,3,2015,279.87955
2015-03-12 11:00:00,13,3,3,2015,279.94153
2015-03-12 12:00:00,14,3,3,2015,279.99316
2015-03-12 13:00:00,15,3,3,2015,280.03085
2015-03-12 14:00:00,16,3,3,2015,279.7224
2015-03-12 15:00:00,17,3,3,2015,279.9921
2015-03-12 16:00:00,18,3,3,2015,279.67422
2015-03-12 17:00:00,19,3,3,2015,277.40735
2015-03-12 18:00:00,20,3,3,2015,277.23984
2015-03-12 19:00:00,21,3,3,2015,277.58655
2015-03-12 20:00:00,22,3,3,2015,276.40204
2015-03-12 21:00:00,23,3,3,2015,276.31198
2015-03-12 22:00:00,0,4,3,2015,274.76437
2015-03-12 23:00:00,1,4,3,2015,274.64273
2015-03-13 00:00:00,2,4,3,2015,274.26367
2015-03-13 01:00:00,3,4,3,2015,274.1148
2015-03-13 02:00:00,4,4,3,2015,274.15576
2015-03-13 03:00:00,5,4,3,2015,274.3683
2015-03-13 04:00:00,6,4,3,2015,274.10965
2015-03-13 05:00:00,7,4,3,2015,273.89557
2015-03-13 06:00:00,8,4,3,2015,273.5656
2015-03-13 07:00:00,9,4,3,2015,274.58463
2015-03-13 08:00:00,10,4,3,2015,278.18753
2015-03-13 09:00:00,11,4,3,2015,278.4166
2015-03-13 10:00:00,12,4,3,2015,280.76163
2015-03-13 11:00:00,13,4,3,2015,280.84375
2015-03-13 12:00:00,14,4,3,2015,280.94315
2015-03-13 13:00:00,15,4,3,2015,280.96362
2015-03-13 14:00:00,16,4,3,2015,280.89517
2015-03-13 15:00:00,17,4,3,2015,280.31448
2015-03-13 16:00:00,18,4,3,2015,280.2002
2015-03-13 17:00:00,19,4,3,2015,277.80835
2015-03-13 18:00:00,20,4,3,2015,277.4499
2015-03-13 19:00:00,21,4,3,2015,277.38647
2015-03-13 20:00:00,22,4,3,2015,276.1838
2015-03-13 21:00:00,23,4,3,2015,276.1056
2015-03-13 22:00:00,0,5,3,2015,275.58685
2015-03-13 23:00:00,1,5,3,2015,275.5912
2015-03-14 00:00:00,2,5,3,2015,275.45728
2015-03-14 01:00:00,3,5,3,2015,275.1654
2015-03-14 02:00:00,4,5,3,2015,274.78357
2015-03-14 03:00:00,5,5,3,2015,274.90808
2015-03-14 04:00:00,6,5,3,2015,275.12375
2015-03-14 05:00:00,7,5,3,2015,275.00388
2015-03-14 06:00:00,8,5,3,2015,274.44882
2015-03-14 07:00:00,9,5,3,2015,274.8473
2015-03-14 08:00:00,10,5,3,2015,277.86984
2015-03-14 09:00:00,11,5,3,2015,277.94635
2015-03-14 10:00:00,12,5,3,2015,279.2652
2015-03-14 11:00:00,13,5,3,2015,279.44366
2015-03-14 12:00:00,14,5,3,2015,279.4962
2015-03-14 13:00:00,15,5,3,2015,279.65198
2015-03-14 14:00:00,16,5,3,2015,279.77188
2015-03-14 15:00:00,17,5,3,2015,279.62286
2015-03-14 16:00:00,18,5,3,2015,279.78625
2015-03-14 17:00:00,19,5,3,2015,277.89035
2015-03-14 18:00:00,20,5,3,2015,277.6604
2015-03-14 19:00:00,21,5,3,2015,277.6065
2015-03-14 20:00:00,22,5,3,2015,276.65472
2015-03-14 21:00:00,23,5,3,2015,276.5561
2015-03-14 22:00:00,0,6,3,2015,276.01376
2015-03-14 23:00:00,1,6,3,2015,276.14258
2015-03-15 00:00:00,2,6,3,2015,276.23334
2015-03-15 01:00:00,3,6,3,2015,276.56604
2015-03-15 02:00:00,4,6,3,2015,276.49207
2015-03-15 03:00:00,5,6,3,2015,276.63797
2015-03-15 04:00:00,6,6,3,2015,276.5788
2015-03-15 05:00:00,7,6,3,2015,276.84467
2015-03-15 06:00:00,8,6,3,2015,276.60406
2015-03-15 07:00:00,9,6,3,2015,276.35388
2015-03-15 08:00:00,10,6,3,2015,278.11182
2015-03-15 09:00:00,11,6,3,2015,278.6869
2015-03-15 10:00:00,12,6,3,2015,280.47543
2015-03-15 11:00:00,13,6,3,2015,280.61115
2015-03-15 12:00:00,14,6,3,2015,280.42282
2015-03-15 13:00:00,15,6,3,2015,280.81128
2015-03-15 14:00:00,16,6,3,2015,281.0529
2015-03-15 15:00:00,17,6,3,2015,280.63745
2015-03-15 16:00:00,18,6,3,2015,280.59045
2015-03-15 17:00:00,19,6,3,2015,279.08548
2015-03-15 18:00:00,20,6,3,2015,279.0193
2015-03-15 19:00:00,21,6,3,2015,279.0939
2015-03-15 20:00:00,22,6,3,2015,278.26456
2015-03-15 21:00:00,23,6,3,2015,277.82306
2015-03-15 22:00:00,0,0,3,2015,276.87152
2015-03-15 23:00:00,1,0,3,2015,276.8479
2015-03-16 00:00:00,2,0,3,2015,277.00323
2015-03-16 01:00:00,3,0,3,2015,277.24966
2015-03-16 02:00:00,4,0,3,2015,276.41785
2015-03-16 03:00:00,5,0,3,2015,276.13974
2015-03-16 04:00:00,6,0,3,2015,276.54736
2015-03-16 05:00:00,7,0,3,2015,276.38934
2015-03-16 06:00:00,8,0,3,2015,276.496
2015-03-16 07:00:00,9,0,3,2015,276.9554
2015-03-16 08:00:00,10,0,3,2015,280.46954
2015-03-16 09:00:00,11,0,3,2015,280.84564
2015-03-16 10:00:00,12,0,3,2015,283.34332
2015-03-16 11:00:00,13,0,3,2015,283.51822
2015-03-16 12:00:00,14,0,3,2015,283.5258
2015-03-16 13:00:00,15,0,3,2015,283.44885
2015-03-16 14:00:00,16,0,3,2015,283.43805
2015-03-16 15:00:00,17,0,3,2015,283.2035
2015-03-16 16:00:00,18,0,3,2015,282.9497
2015-03-16 17:00:00,19,0,3,2015,279.71402
2015-03-16 18:00:00,20,0,3,2015,279.36386
2015-03-16 19:00:00,21,0,3,2015,278.9831
2015-03-16 20:00:00,22,0,3,2015,277.35
2015-03-16 21:00:00,23,0,3,2015,277.2798
2015-03-16 22:00:00,0,1,3,2015,276.0588
2015-03-16 23:00:00,1,1,3,2015,276.00195
2015-03-17 00:00:00,2,1,3,2015,275.82632
2015-03-17 01:00:00,3,1,3,2015,275.84415
2015-03-17 02:00:00,4,1,3,2015,274.82507
2015-03-17 03:00:00,5,1,3,2015,274.73703
2015-03-17 04:00:00,6,1,3,2015,274.34253
2015-03-17 05:00:00,7,1,3,2015,274.8027
2015-03-17 06:00:00,8,1,3,2015,275.2981
2015-03-17 07:00:00,9,1,3,2015,275.94394
2015-03-17 08:00:00,10,1,3,2015,281.01956
2015-03-17 09:00:00,11,1,3,2015,281.35825
2015-03-17 10:00:00,12,1,3,2015,282.9979
2015-03-17 11:00:00,13,1,3,2015,283.045
2015-03-17 12:00:00,14,1,3,2015,282.9861
2015-03-17 13:00:00,15,1,3,2015,282.99258
2015-03-17 14:00:00,16,1,3,2015,282.17688
2015-03-17 15:00:00,17,1,3,2015,281.58453
2015-03-17 16:00:00,18,1,3,2015,281.2696
2015-03-17 17:00:00,19,1,3,2015,277.3567
2015-03-17 18:00:00,20,1,3,2015,276.50488
2015-03-17 19:00:00,21,1,3,2015,276.16394
2015-03-17 20:00:00,22,1,3,2015,275.20242
2015-03-17 21:00:00,23,1,3,2015,275.01523
2015-03-17 22:00:00,0,2,3,2015,273.99088
2015-03-17 23:00:00,1,2,3,2015,274.4218
2015-03-18 00:00:00,2,2,3,2015,274.64453
2015-03-18 01:00:00,3,2,3,2015,274.7042
2015-03-18 02:00:00,4,2,3,2015,273.57547
2015-03-18 03:00:00,5,2,3,2015,273.0395
2015-03-18 04:00:00,6,2,3,2015,273.10352
2015-03-18 05:00:00,7,2,3,2015,272.98135
2015-03-18 06:00:00,8,2,3,2015,273.38046
2015-03-18 07:00:00,9,2,3,2015,273.89
2015-03-18 08:00:00,10,2,3,2015,277.61374
2015-03-18 09:00:00,11,2,3,2015,277.89636
2015-03-18 10:00:00,12,2,3,2015,279.42972
2015-03-18 11:00:00,13,2,3,2015,279.43115
2015-03-18 12:00:00,14,2,3,2015,279.1484
2015-03-18 13:00:00,15,2,3,2015,279.02844
2015-03-18 14:00:00,16,2,3,2015,279.102
2015-03-18 15:00:00,17,2,3,2015,278.94424
2015-03-18 16:00:00,18,2,3,2015,278.87424
2015-03-18 17:00:00,19,2,3,2015,275.23123
2015-03-18 18:00:00,20,2,3,2015,274.89606
2015-03-18 19:00:00,21,2,3,2015,275.4906
2015-03-18 20:00:00,22,2,3,2015,274.23715
2015-03-18 21:00:00,23,2,3,2015,274.12485
2015-03-18 22:00:00,0,3,3,2015,273.48376
2015-03-18 23:00:00,1,3,3,2015,273.5003
2015-03-19 00:00:00,2,3,3,2015,273.5595
2015-03-19 01:00:00,3,3,3,2015,273.41412
2015-03-19 02:00:00,4,3,3,2015,273.37076
2015-03-19 03:00:00,5,3,3,2015,273.40344
2015-03-19 04:00:00,6,3,3,2015,273.58136
2015-03-19 05:00:00,7,3,3,2015,273.5632
2015-03-19 06:00:00,8,3,3,2015,273.8693
2015-03-19 07:00:00,9,3,3,2015,274.10025
2015-03-19 08:00:00,10,3,3,2015,276.43536
2015-03-19 09:00:00,11,3,3,2015,276.47186
2015-03-19 10:00:00,12,3,3,2015,277.2822
2015-03-19 11:00:00,13,3,3,2015,277.3273
2015-03-19 12:00:00,14,3,3,2015,277.15106
2015-03-19 13:00:00,15,3,3,2015,277.33496
2015-03-19 14:00:00,16,3,3,2015,276.8268
2015-03-19 15:00:00,17,3,3,2015,276.88824
2015-03-19 16:00:00,18,3,3,2015,276.6748
2015-03-19 17:00:00,19,3,3,2015,274.11157
2015-03-19 18:00:00,20,3,3,2015,274.14404
2015-03-19 19:00:00,21,3,3,2015,274.22952
2015-03-19 20:00:00,22,3,3,2015,273.13574
2015-03-19 21:00:00,23,3,3,2015,273.08203
2015-03-19 22:00:00,0,4,3,2015,272.38525
2015-03-19 23:00:00,1,4,3,2015,272.32507
2015-03-20 00:00:00,2,4,3,2015,272.2464
2015-03-20 01:00:00,3,4,3,2015,271.95184
2015-03-20 02:00:00,4,4,3,2015,271.52518
2015-03-20 03:00:00,5,4,3,2015,271.58438
2015-03-20 04:00:00,6,4,3,2015,271.92044
2015-03-20 05:00:00,7,4,3,2015,272.16068
2015-03-20 06:00:00,8,4,3,2015,272.17688
2015-03-20 07:00:00,9,4,3,2015,272.41202
2015-03-20 08:00:00,10,4,3,2015,275.65488
2015-03-20 09:00:00,11,4,3,2015,275.84357
2015-03-20 10:00:00,12,4,3,2015,277.60846
2015-03-20 11:00:00,13,4,3,2015,277.88904
2015-03-20 12:00:00,14,4,3,2015,278.02646
2015-03-20 13:00:00,15,4,3,2015,278.1415
2015-03-20 14:00:00,16,4,3,2015,278.62442
2015-03-20 15:00:00,17,4,3,2015,278.54553
2015-03-20 16:00:00,18,4,3,2015,278.47418
2015-03-20 17:00:00,19,4,3,2015,276.19626
2015-03-20 18:00:00,20,4,3,2015,277.1224
2015-03-20 19:00:00,21,4,3,2015,276.9974
2015-03-20 20:00:00,22,4,3,2015,275.56238
2015-03-20 21:00:00,23,4,3,2015,274.8675
2015-03-20 22:00:00,0,5,3,2015,273.47256
2015-03-20 23:00:00,1,5,3,2015,273.26306
2015-03-21 00:00:00,2,5,3,2015,273.29083
2015-03-21 01:00:00,3,5,3,2015,273.4172
2015-03-21 02:00:00,4,5,3,2015,272.73654
2015-03-21 03:00:00,5,5,3,2015,272.8411
2015-03-21 04:00:00,6,5,3,2015,273.04022
2015-03-21 05:00:00,7,5,3,2015,273.74814
2015-03-21 06:00:00,8,5,3,2015,274.0298
2015-03-21 07:00:00,9,5,3,2015,274.50208
2015-03-21 08:00:00,10,5,3,2015,280.4971
2015-03-21 09:00:00,11,5,3,2015,280.82117
2015-03-21 10:00:00,12,5,3,2015,283.9059
2015-03-21 11:00:00,13,5,3,2015,284.12473
2015-03-21 12:00:00,14,5,3,2015,284.31754
2015-03-21 13:00:00,15,5,3,2015,284.55478
2015-03-21 14:00:00,16,5,3,2015,285.85657
2015-03-21 15:00:00,17,5,3,2015,285.84946
2015-03-21 16:00:00,18,5,3,2015,284.5367
2015-03-21 17:00:00,19,5,3,2015,281.02606
2015-03-21 18:00:00,20,5,3,2015,280.82532
2015-03-21 19:00:00,21,5,3,2015,280.6954
2015-03-21 20:00:00,22,5,3,2015,277.72845
2015-03-21 21:00:00,23,5,3,2015,277.45535
2015-03-21 22:00:00,0,6,3,2015,275.30487
2015-03-21 23:00:00,1,6,3,2015,275.06433
2015-03-22 00:00:00,2,6,3,2015,274.70923
2015-03-22 01:00:00,3,6,3,2015,274.3548
2015-03-22 02:00:00,4,6,3,2015,272.80457
2015-03-22 03:00:00,5,6,3,2015,272.27454
2015-03-22 04:00:00,6,6,3,2015,272.22607
2015-03-22 05:00:00,7,6,3,2015,273.56177
2015-03-22 06:00:00,8,6,3,2015,274.5907
2015-03-22 07:00:00,9,6,3,2015,275.9981
2015-03-22 08:00:00,10,6,3,2015,283.10025
2015-03-22 09:00:00,11,6,3,2015,283.7387
2015-03-22 10:00:00,12,6,3,2015,287.33688
2015-03-22 11:00:00,13,6,3,2015,287.7704
2015-03-22 12:00:00,14,6,3,2015,288.05817
2015-03-22 13:00:00,15,6,3,2015,288.20663
2015-03-22 14:00:00,16,6,3,2015,287.84232
2015-03-22 15:00:00,17,6,3,2015,287.57434
2015-03-22 16:00:00,18,6,3,2015,287.34705
2015-03-22 17:00:00,19,6,3,2015,283.94727
2015-03-22 18:00:00,20,6,3,2015,283.51923
2015-03-22 19:00:00,21,6,3,2015,283.2722
2015-03-22 20:00:00,22,6,3,2015,281.34027
2015-03-22 21:00:00,23,6,3,2015,280.51828
2015-03-22 22:00:00,0,0,3,2015,280.1509
2015-03-22 23:00:00,1,0,3,2015,280.16962
2015-03-23 00:00:00,2,0,3,2015,279.94144
2015-03-23 01:00:00,3,0,3,2015,279.42224
2015-03-23 02:00:00,4,0,3,2015,278.3798
2015-03-23 03:00:00,5,0,3,2015,278.287
2015-03-23 04:00:00,6,0,3,2015,278.42758
2015-03-23 05:00:00,7,0,3,2015,277.78964
2015-03-23 06:00:00,8,0,3,2015,278.18478
2015-03-23 07:00:00,9,0,3,2015,278.4521
2015-03-23 08:00:00,10,0,3,2015,280.6694
2015-03-23 09:00:00,11,0,3,2015,280.9142
2015-03-23 10:00:00,12,0,3,2015,281.75275
2015-03-23 11:00:00,13,0,3,2015,281.85184
2015-03-23 12:00:00,14,0,3,2015,281.699
2015-03-23 13:00:00,15,0,3,2015,281.59003
2015-03-23 14:00:00,16,0,3,2015,280.7867
2015-03-23 15:00:00,17,0,3,2015,280.4795
2015-03-23 16:00:00,18,0,3,2015,280.31906
2015-03-23 17:00:00,19,0,3,2015,278.56415
2015-03-23 18:00:00,20,0,3,2015,278.36682
2015-03-23 19:00:00,21,0,3,2015,278.35107
2015-03-23 20:00:00,22,0,3,2015,277.41028
2015-03-23 21:00:00,23,0,3,2015,277.16504
2015-03-23 22:00:00,0,1,3,2015,276.86163
2015-03-23 23:00:00,1,1,3,2015,276.5491
2015-03-24 00:00:00,2,1,3,2015,276.3611
2015-03-24 01:00:00,3,1,3,2015,276.27823
2015-03-24 02:00:00,4,1,3,2015,275.81516
2015-03-24 03:00:00,5,1,3,2015,275.8097
2015-03-24 04:00:00,6,1,3,2015,275.81107
2015-03-24 05:00:00,7,1,3,2015,276.18787
2015-03-24 06:00:00,8,1,3,2015,276.1125
2015-03-24 07:00:00,9,1,3,2015,276.53708
2015-03-24 08:00:00,10,1,3,2015,280.73795
2015-03-24 09:00:00,11,1,3,2015,281.38782
2015-03-24 10:00:00,12,1,3,2015,284.0099
2015-03-24 11:00:00,13,1,3,2015,284.27487
2015-03-24 12:00:00,14,1,3,2015,284.1929
2015-03-24 13:00:00,15,1,3,2015,284.25357
2015-03-24 14:00:00,16,1,3,2015,285.08743
2015-03-24 15:00:00,17,1,3,2015,284.8936
2015-03-24 16:00:00,18,1,3,2015,284.80212
2015-03-24 17:00:00,19,1,3,2015,281.1503
2015-03-24 18:00:00,20,1,3,2015,280.38538
2015-03-24 19:00:00,21,1,3,2015,280.01965
2015-03-24 20:00:00,22,1,3,2015,278.16806
2015-03-24 21:00:00,23,1,3,2015,277.59375
2015-03-24 22:00:00,0,2,3,2015,276.72873
2015-03-24 23:00:00,1,2,3,2015,276.7003
2015-03-25 00:00:00,2,2,3,2015,276.20728
2015-03-25 01:00:00,3,2,3,2015,275.9933
2015-03-25 02:00:00,4,2,3,2015,275.3672
2015-03-25 03:00:00,5,2,3,2015,275.58405
2015-03-25 04:00:00,6,2,3,2015,275.68835
2015-03-25 05:00:00,7,2,3,2015,276.70102
2015-03-25 06:00:00,8,2,3,2015,277.19095
2015-03-25 07:00:00,9,2,3,2015,277.9367
2015-03-25 08:00:00,10,2,3,2015,283.06967
2015-03-25 09:00:00,11,2,3,2015,283.2197
2015-03-25 10:00:00,12,2,3,2015,285.5072
2015-03-25 11:00:00,13,2,3,2015,285.91327
2015-03-25 12:00:00,14,2,3,2015,285.87698
2015-03-25 13:00:00,15,2,3,2015,285.4956
2015-03-25 14:00:00,16,2,3,2015,284.43048
2015-03-25 15:00:00,17,2,3,2015,284.189
2015-03-25 16:00:00,18,2,3,2015,284.18762
2015-03-25 17:00:00,19,2,3,2015,282.00427
2015-03-25 18:00:00,20,2,3,2015,281.9286
2015-03-25 19:00:00,21,2,3,2015,282.0568
2015-03-25 20:00:00,22,2,3,2015,281.029
2015-03-25 21:00:00,23,2,3,2015,280.88644
2015-03-25 22:00:00,0,3,3,2015,279.70642
2015-03-25 23:00:00,1,3,3,2015,279.4324
2015-03-26 00:00:00,2,3,3,2015,279.30743
2015-03-26 01:00:00,3,3,3,2015,279.17596
2015-03-26 02:00:00,4,3,3,2015,278.2837
2015-03-26 03:00:00,5,3,3,2015,278.37094
2015-03-26 04:00:00,6,3,3,2015,277.9423
2015-03-26 05:00:00,7,3,3,2015,278.65353
2015-03-26 06:00:00,8,3,3,2015,279.64795
2015-03-26 07:00:00,9,3,3,2015,280.695
2015-03-26 08:00:00,10,3,3,2015,286.0057
2015-03-26 09:00:00,11,3,3,2015,286.58093
2015-03-26 10:00:00,12,3,3,2015,289.7412
2015-03-26 11:00:00,13,3,3,2015,290.13348
2015-03-26 12:00:00,14,3,3,2015,290.209
2015-03-26 13:00:00,15,3,3,2015,290.55133
2015-03-26 14:00:00,16,3,3,2015,290.8171
2015-03-26 15:00:00,17,3,3,2015,290.5713
2015-03-26 16:00:00,18,3,3,2015,290.07233
2015-03-26 17:00:00,19,3,3,2015,286.5371
2015-03-26 18:00:00,20,3,3,2015,285.74786
2015-03-26 19:00:00,21,3,3,2015,285.4232
2015-03-26 20:00:00,22,3,3,2015,283.89252
2015-03-26 21:00:00,23,3,3,2015,283.6589
2015-03-26 22:00:00,0,4,3,2015,282.88312
2015-03-26 23:00:00,1,4,3,2015,282.89676
2015-03-27 00:00:00,2,4,3,2015,283.0343
2015-03-27 01:00:00,3,4,3,2015,283.18762
2015-03-27 02:00:00,4,4,3,2015,282.8124
2015-03-27 03:00:00,5,4,3,2015,282.5671
2015-03-27 04:00:00,6,4,3,2015,282.5345
2015-03-27 05:00:00,7,4,3,2015,282.3243
2015-03-27 06:00:00,8,4,3,2015,282.21347
2015-03-27 07:00:00,9,4,3,2015,282.47095
2015-03-27 08:00:00,10,4,3,2015,283.63406
2015-03-27 09:00:00,11,4,3,2015,283.80447
2015-03-27 10:00:00,12,4,3,2015,284.73233
2015-03-27 11:00:00,13,4,3,2015,284.57428
2015-03-27 12:00:00,14,4,3,2015,284.5419
2015-03-27 13:00:00,15,4,3,2015,284.4482
2015-03-27 14:00:00,16,4,3,2015,283.7618
2015-03-27 15:00:00,17,4,3,2015,283.6437
2015-03-27 16:00:00,18,4,3,2015,283.43576
2015-03-27 17:00:00,19,4,3,2015,282.5803
2015-03-27 18:00:00,20,4,3,2015,282.38684
2015-03-27 19:00:00,21,4,3,2015,282.35468
2015-03-27 20:00:00,22,4,3,2015,281.85324
2015-03-27 21:00:00,23,4,3,2015,281.8814
2015-03-27 22:00:00,0,5,3,2015,281.36008
2015-03-27 23:00:00,1,5,3,2015,281.35193
2015-03-28 00:00:00,2,5,3,2015,281.2649
2015-03-28 01:00:00,3,5,3,2015,281.2449
2015-03-28 02:00:00,4,5,3,2015,280.92255
2015-03-28 03:00:00,5,5,3,2015,280.80557
2015-03-28 04:00:00,6,5,3,2015,280.8317
2015-03-28 05:00:00,7,5,3,2015,280.66675
2015-03-28 06:00:00,8,5,3,2015,280.58563
2015-03-28 07:00:00,9,5,3,2015,280.7651
2015-03-28 08:00:00,10,5,3,2015,281.66846
2015-03-28 09:00:00,11,5,3,2015,281.64124
2015-03-28 10:00:00,12,5,3,2015,282.34662
2015-03-28 11:00:00,13,5,3,2015,282.22253
2015-03-28 12:00:00,14,5,3,2015,282.3241
2015-03-28 13:00:00,15,5,3,2015,282.55756
2015-03-28 14:00:00,16,5,3,2015,281.82294
2015-03-28 15:00:00,17,5,3,2015,281.59644
2015-03-28 16:00:00,18,5,3,2015,281.54477
2015-03-28 17:00:00,19,5,3,2015,280.87088
2015-03-28 18:00:00,20,5,3,2015,280.71353
2015-03-28 19:00:00,21,5,3,2015,280.68326
2015-03-28 20:00:00,22,5,3,2015,280.20282
2015-03-28 21:00:00,23,5,3,2015,279.92468
2015-03-28 22:00:00,0,6,3,2015,279.2019
2015-03-28 23:00:00,1,6,3,2015,279.2591
2015-03-29 00:00:00,2,6,3,2015,279.25662
2015-03-29 01:00:00,4,6,3,2015,279.28287
2015-03-29 02:00:00,5,6,3,2015,279.0957
2015-03-29 03:00:00,6,6,3,2015,279.09885
2015-03-29 04:00:00,7,6,3,2015,279.27924
2015-03-29 05:00:00,8,6,3,2015,279.24106
2015-03-29 06:00:00,9,6,3,2015,278.9773
2015-03-29 07:00:00,10,6,3,2015,278.96683
2015-03-29 08:00:00,11,6,3,2015,280.42215
2015-03-29 09:00:00,12,6,3,2015,280.46744
2015-03-29 10:00:00,13,6,3,2015,282.16843
2015-03-29 11:00:00,14,6,3,2015,282.34692
2015-03-29 12:00:00,15,6,3,2015,282.33725
2015-03-29 13:00:00,16,6,3,2015,282.27283
2015-03-29 14:00:00,17,6,3,2015,282.3498
2015-03-29 15:00:00,18,6,3,2015,282.2611
2015-03-29 16:00:00,19,6,3,2015,282.39914
2015-03-29 17:00:00,20,6,3,2015,280.74313
2015-03-29 18:00:00,21,6,3,2015,280.3776
2015-03-29 19:00:00,22,6,3,2015,279.96405
2015-03-29 20:00:00,23,6,3,2015,278.65012
2015-03-29 21:00:00,0,0,3,2015,278.3814
2015-03-29 22:00:00,1,0,3,2015,276.81375
2015-03-29 23:00:00,2,0,3,2015,276.7318
2015-03-30 00:00:00,3,0,3,2015,276.76453
2015-03-30 01:00:00,4,0,3,2015,276.7489
2015-03-30 02:00:00,5,0,3,2015,275.69946
2015-03-30 03:00:00,6,0,3,2015,275.69016
2015-03-30 04:00:00,7,0,3,2015,275.60712
2015-03-30 05:00:00,8,0,3,2015,277.07385
2015-03-30 06:00:00,9,0,3,2015,277.59137
2015-03-30 07:00:00,10,0,3,2015,278.09973
2015-03-30 08:00:00,11,0,3,2015,283.30817
2015-03-30 09:00:00,12,0,3,2015,283.80597
2015-03-30 10:00:00,13,0,3,2015,285.94125
2015-03-30 11:00:00,14,0,3,2015,286.5194
2015-03-30 12:00:00,15,0,3,2015,286.71823
2015-03-30 13:00:00,16,0,3,2015,286.83606
2015-03-30 14:00:00,17,0,3,2015,285.8857
2015-03-30 15:00:00,18,0,3,2015,285.44968
2015-03-30 16:00:00,19,0,3,2015,285.21664
2015-03-30 17:00:00,20,0,3,2015,282.88403
2015-03-30 18:00:00,21,0,3,2015,282.65796
2015-03-30 19:00:00,22,0,3,2015,282.64813
2015-03-30 20:00:00,23,0,3,2015,281.604
2015-03-30 21:00:00,0,1,3,2015,281.32684
2015-03-30 22:00:00,1,1,3,2015,280.90613
2015-03-30 23:00:00,2,1,3,2015,280.8598
2015-03-31 00:00:00,3,1,3,2015,280.75867
2015-03-31 01:00:00,4,1,3,2015,280.86008
2015-03-31 02:00:00,5,1,3,2015,280.66922
2015-03-31 03:00:00,6,1,3,2015,280.6574
2015-03-31 04:00:00,7,1,3,2015,280.73294
2015-03-31 05:00:00,8,1,3,2015,280.72018
2015-03-31 06:00:00,9,1,3,2015,280.72665
2015-03-31 07:00:00,10,1,3,2015,280.75668
2015-03-31 08:00:00,11,1,3,2015,283.04724
2015-03-31 09:00:00,12,1,3,2015,283.33383
2015-03-31 10:00:00,13,1,3,2015,286.2006
2015-03-31 11:00:00,14,1,3,2015,286.40714
2015-03-31 12:00:00,15,1,3,2015,286.5769
2015-03-31 13:00:00,16,1,3,2015,286.73294
2015-03-31 14:00:00,17,1,3,2015,287.55267
2015-03-31 15:00:00,18,1,3,2015,287.43756
2015-03-31 16:00:00,19,1,3,2015,287.2542
2015-03-31 17:00:00,20,1,3,2015,283.2544
2015-03-31 18:00:00,21,1,3,2015,283.1964
2015-03-31 19:00:00,22,1,3,2015,282.73624
2015-03-31 20:00:00,23,1,3,2015,280.74475
2015-03-31 21:00:00,0,2,4,2015,280.1638
2015-03-31 22:00:00,1,2,4,2015,280.5384
2015-03-31 23:00:00,2,2,4,2015,280.46442
2015-04-01 00:00:00,3,2,4,2015,280.28632
2015-04-01 01:00:00,4,2,4,2015,280.3253
2015-04-01 02:00:00,5,2,4,2015,280.0731
2015-04-01 03:00:00,6,2,4,2015,280.37598
2015-04-01 04:00:00,7,2,4,2015,280.25272
2015-04-01 05:00:00,8,2,4,2015,281.01248
2015-04-01 06:00:00,9,2,4,2015,280.86566
2015-04-01 07:00:00,10,2,4,2015,280.75037
2015-04-01 08:00:00,11,2,4,2015,282.7583
2015-04-01 09:00:00,12,2,4,2015,282.55908
2015-04-01 10:00:00,13,2,4,2015,284.14914
2015-04-01 11:00:00,14,2,4,2015,284.17395
2015-04-01 12:00:00,15,2,4,2015,284.59525
2015-04-01 13:00:00,16,2,4,2015,284.68835
2015-04-01 14:00:00,17,2,4,2015,283.66776
2015-04-01 15:00:00,18,2,4,2015,283.40558
2015-04-01 16:00:00,19,2,4,2015,283.03198
2015-04-01 17:00:00,20,2,4,2015,280.47644
2015-04-01 18:00:00,21,2,4,2015,280.5055
2015-04-01 19:00:00,22,2,4,2015,280.48975
2015-04-01 20:00:00,23,2,4,2015,278.8725
2015-04-01 21:00:00,0,3,4,2015,278.7764
2015-04-01 22:00:00,1,3,4,2015,277.71414
2015-04-01 23:00:00,2,3,4,2015,277.65225
2015-04-02 00:00:00,3,3,4,2015,277.605
2015-04-02 01:00:00,4,3,4,2015,277.57748
2015-04-02 02:00:00,5,3,4,2015,276.26013
2015-04-02 03:00:00,6,3,4,2015,276.15387
2015-04-02 04:00:00,7,3,4,2015,276.07495
2015-04-02 05:00:00,8,3,4,2015,276.78613
2015-04-02 06:00:00,9,3,4,2015,276.91568
2015-04-02 07:00:00,10,3,4,2015,277.1739
2015-04-02 08:00:00,11,3,4,2015,280.7318
2015-04-02 09:00:00,12,3,4,2015,280.98
2015-04-02 10:00:00,13,3,4,2015,282.98682
2015-04-02 11:00:00,14,3,4,2015,283.33395
2015-04-02 12:00:00,15,3,4,2015,283.505
2015-04-02 13:00:00,16,3,4,2015,283.6811
2015-04-02 14:00:00,17,3,4,2015,284.27017
2015-04-02 15:00:00,18,3,4,2015,284.0891
2015-04-02 16:00:00,19,3,4,2015,283.893
2015-04-02 17:00:00,20,3,4,2015,279.61276
2015-04-02 18:00:00,21,3,4,2015,278.91284
2015-04-02 19:00:00,22,3,4,2015,279.1531
2015-04-02 20:00:00,23,3,4,2015,276.82858
2015-04-02 21:00:00,0,4,4,2015,276.3504
2015-04-02 22:00:00,1,4,4,2015,275.62408
2015-04-02 23:00:00,2,4,4,2015,275.5489
2015-04-03 00:00:00,3,4,4,2015,275.92596
2015-04-03 01:00:00,4,4,4,2015,275.63693
2015-04-03 02:00:00,5,4,4,2015,276.32718
2015-04-03 03:00:00,6,4,4,2015,277.09946
2015-04-03 04:00:00,7,4,4,2015,277.12683
2015-04-03 05:00:00,8,4,4,2015,277.48126
2015-04-03 06:00:00,9,4,4,2015,277.53632
2015-04-03 07:00:00,10,4,4,2015,277.69104
2015-04-03 08:00:00,11,4,4,2015,279.2172
2015-04-03 09:00:00,12,4,4,2015,279.17148
2015-04-03 10:00:00,13,4,4,2015,280.29092
2015-04-03 11:00:00,14,4,4,2015,280.5902
2015-04-03 12:00:00,15,4,4,2015,280.69107
2015-04-03 13:00:00,16,4,4,2015,280.88138
2015-04-03 14:00:00,17,4,4,2015,280.65295
2015-04-03 15:00:00,18,4,4,2015,280.51825
2015-04-03 16:00:00,19,4,4,2015,280.30896
2015-04-03 17:00:00,20,4,4,2015,277.56845
2015-04-03 18:00:00,21,4,4,2015,277.10422
2015-04-03 19:00:00,22,4,4,2015,276.87195
2015-04-03 20:00:00,23,4,4,2015,275.36594
2015-04-03 21:00:00,0,5,4,2015,275.32397
2015-04-03 22:00:00,1,5,4,2015,273.9885
2015-04-03 23:00:00,2,5,4,2015,274.2046
2015-04-04 00:00:00,3,5,4,2015,274.06506
2015-04-04 01:00:00,4,5,4,2015,273.91296
2015-04-04 02:00:00,5,5,4,2015,272.83368
2015-04-04 03:00:00,6,5,4,2015,272.93335
2015-04-04 04:00:00,7,5,4,2015,272.77737
2015-04-04 05:00:00,8,5,4,2015,274.75732
2015-04-04 06:00:00,9,5,4,2015,275.0804
2015-04-04 07:00:00,10,5,4,2015,275.39435
2015-04-04 08:00:00,11,5,4,2015,280.73077
2015-04-04 09:00:00,12,5,4,2015,281.132
2015-04-04 10:00:00,13,5,4,2015,283.00668
2015-04-04 11:00:00,14,5,4,2015,283.1433
2015-04-04 12:00:00,15,5,4,2015,283.2238
2015-04-04 13:00:00,16,5,4,2015,283.42664
2015-04-04 14:00:00,17,5,4,2015,283.8843
2015-04-04 15:00:00,18,5,4,2015,283.8263
2015-04-04 16:00:00,19,5,4,2015,283.74985
2015-04-04 17:00:00,20,5,4,2015,280.7172
2015-04-04 18:00:00,21,5,4,2015,280.26566
2015-04-04 19:00:00,22,5,4,2015,280.0149
2015-04-04 20:00:00,23,5,4,2015,278.52628
2015-04-04 21:00:00,0,6,4,2015,278.2347
2015-04-04 22:00:00,1,6,4,2015,276.78555
2015-04-04 23:00:00,2,6,4,2015,276.7147
2015-04-05 00:00:00,3,6,4,2015,276.83435
2015-04-05 01:00:00,4,6,4,2015,276.7754
2015-04-05 02:00:00,5,6,4,2015,276.23737
2015-04-05 03:00:00,6,6,4,2015,276.10757
2015-04-05 04:00:00,7,6,4,2015,276.25574
2015-04-05 05:00:00,8,6,4,2015,277.59067
2015-04-05 06:00:00,9,6,4,2015,278.17657
2015-04-05 07:00:00,10,6,4,2015,278.59998
2015-04-05 08:00:00,11,6,4,2015,282.061
2015-04-05 09:00:00,12,6,4,2015,282.22272
2015-04-05 10:00:00,13,6,4,2015,283.974
2015-04-05 11:00:00,14,6,4,2015,284.08804
2015-04-05 12:00:00,15,6,4,2015,283.74518
2015-04-05 13:00:00,16,6,4,2015,283.4473
2015-04-05 14:00:00,17,6,4,2015,282.42502
2015-04-05 15:00:00,18,6,4,2015,282.04062
2015-04-05 16:00:00,19,6,4,2015,281.82162
2015-04-05 17:00:00,20,6,4,2015,279.75598
2015-04-05 18:00:00,21,6,4,2015,279.37146
2015-04-05 19:00:00,22,6,4,2015,279.18005
2015-04-05 20:00:00,23,6,4,2015,278.30002
2015-04-05 21:00:00,0,0,4,2015,278.24426
2015-04-05 22:00:00,1,0,4,2015,277.83618
2015-04-05 23:00:00,2,0,4,2015,277.70798
2015-04-06 00:00:00,3,0,4,2015,277.5021
2015-04-06 01:00:00,4,0,4,2015,277.6966
2015-04-06 02:00:00,5,0,4,2015,277.33893
2015-04-06 03:00:00,6,0,4,2015,277.17477
2015-04-06 04:00:00,7,0,4,2015,277.15134
2015-04-06 05:00:00,8,0,4,2015,276.8368
2015-04-06 06:00:00,9,0,4,2015,276.6442
2015-04-06 07:00:00,10,0,4,2015,276.74487
2015-04-06 08:00:00,11,0,4,2015,276.9295
2015-04-06 09:00:00,12,0,4,2015,277.44778
2015-04-06 10:00:00,13,0,4,2015,278.1779
2015-04-06 11:00:00,14,0,4,2015,278.2779
2015-04-06 12:00:00,15,0,4,2015,278.35056
2015-04-06 13:00:00,16,0,4,2015,278.15268
2015-04-06 14:00:00,17,0,4,2015,278.05737
2015-04-06 15:00:00,18,0,4,2015,277.76205
2015-04-06 16:00:00,19,0,4,2015,277.34406
2015-04-06 17:00:00,20,0,4,2015,276.3101
2015-04-06 18:00:00,21,0,4,2015,276.26364
2015-04-06 19:00:00,22,0,4,2015,276.3205
2015-04-06 20:00:00,23,0,4,2015,276.00076
2015-04-06 21:00:00,0,1,4,2015,275.95398
2015-04-06 22:00:00,1,1,4,2015,275.9017
2015-04-06 23:00:00,2,1,4,2015,275.94876
2015-04-07 00:00:00,3,1,4,2015,276.03137
2015-04-07 01:00:00,4,1,4,2015,276.022
2015-04-07 02:00:00,5,1,4,2015,275.75018
2015-04-07 03:00:00,6,1,4,2015,275.88284
2015-04-07 04:00:00,7,1,4,2015,275.92606
2015-04-07 05:00:00,8,1,4,2015,276.2456
2015-04-07 06:00:00,9,1,4,2015,276.03326
2015-04-07 07:00:00,10,1,4,2015,276.22885
2015-04-07 08:00:00,11,1,4,2015,278.5868
2015-04-07 09:00:00,12,1,4,2015,278.27063
2015-04-07 10:00:00,13,1,4,2015,280.23083
2015-04-07 11:00:00,14,1,4,2015,280.06082
2015-04-07 12:00:00,15,1,4,2015,280.00302
2015-04-07 13:00:00,16,1,4,2015,280.10495
2015-04-07 14:00:00,17,1,4,2015,279.9481
2015-04-07 15:00:00,18,1,4,2015,279.6902
2015-04-07 16:00:00,19,1,4,2015,279.33044
2015-04-07 17:00:00,20,1,4,2015,277.64465
2015-04-07 18:00:00,21,1,4,2015,278.18365
2015-04-07 19:00:00,22,1,4,2015,277.55457
2015-04-07 20:00:00,23,1,4,2015,276.5113
2015-04-07 21:00:00,0,2,4,2015,276.65048
2015-04-07 22:00:00,1,2,4,2015,275.47546
2015-04-07 23:00:00,2,2,4,2015,275.6294
2015-04-08 00:00:00,3,2,4,2015,275.37854
2015-04-08 01:00:00,4,2,4,2015,275.27365
2015-04-08 02:00:00,5,2,4,2015,274.52283
2015-04-08 03:00:00,6,2,4,2015,274.7445
2015-04-08 04:00:00,7,2,4,2015,274.39853
2015-04-08 05:00:00,8,2,4,2015,275.9037
2015-04-08 06:00:00,9,2,4,2015,276.43405
2015-04-08 07:00:00,10,2,4,2015,276.8843
2015-04-08 08:00:00,11,2,4,2015,280.28406
2015-04-08 09:00:00,12,2,4,2015,280.35065
2015-04-08 10:00:00,13,2,4,2015,281.47473
2015-04-08 11:00:00,14,2,4,2015,281.67743
2015-04-08 12:00:00,15,2,4,2015,281.7144
2015-04-08 13:00:00,16,2,4,2015,281.59924
2015-04-08 14:00:00,17,2,4,2015,281.90317
2015-04-08 15:00:00,18,2,4,2015,281.87384
2015-04-08 16:00:00,19,2,4,2015,281.93054
2015-04-08 17:00:00,20,2,4,2015,279.7626
2015-04-08 18:00:00,21,2,4,2015,279.36905
2015-04-08 19:00:00,22,2,4,2015,278.87073
2015-04-08 20:00:00,23,2,4,2015,278.08896
2015-04-08 21:00:00,0,3,4,2015,277.68246
2015-04-08 22:00:00,1,3,4,2015,276.6849
2015-04-08 23:00:00,2,3,4,2015,276.65002
2015-04-09 00:00:00,3,3,4,2015,276.82068
2015-04-09 01:00:00,4,3,4,2015,276.95447
2015-04-09 02:00:00,5,3,4,2015,276.22266
2015-04-09 03:00:00,6,3,4,2015,276.3031
2015-04-09 04:00:00,7,3,4,2015,276.41083
2015-04-09 05:00:00,8,3,4,2015,277.3497
2015-04-09 06:00:00,9,3,4,2015,277.55743
2015-04-09 07:00:00,10,3,4,2015,278.2814
2015-04-09 08:00:00,11,3,4,2015,281.8562
2015-04-09 09:00:00,12,3,4,2015,282.06897
2015-04-09 10:00:00,13,3,4,2015,284.2988
2015-04-09 11:00:00,14,3,4,2015,284.0559
2015-04-09 12:00:00,15,3,4,2015,283.72174
2015-04-09 13:00:00,16,3,4,2015,283.7054
2015-04-09 14:00:00,17,3,4,2015,284.62692
2015-04-09 15:00:00,18,3,4,2015,284.43802
2015-04-09 16:00:00,19,3,4,2015,284.73727
2015-04-09 17:00:00,20,3,4,2015,281.60297
2015-04-09 18:00:00,21,3,4,2015,281.56973
2015-04-09 19:00:00,22,3,4,2015,281.56464
2015-04-09 20:00:00,23,3,4,2015,279.60175
2015-04-09 21:00:00,0,4,4,2015,279.37473
2015-04-09 22:00:00,1,4,4,2015,276.9336
2015-04-09 23:00:00,2,4,4,2015,276.51828
2015-04-10 00:00:00,3,4,4,2015,276.34708
2015-04-10 01:00:00,4,4,4,2015,275.9032
2015-04-10 02:00:00,5,4,4,2015,274.88504
2015-04-10 03:00:00,6,4,4,2015,275.30594
2015-04-10 04:00:00,7,4,4,2015,275.54214
2015-04-10 05:00:00,8,4,4,2015,278.02075
2015-04-10 06:00:00,9,4,4,2015,278.47345
2015-04-10 07:00:00,10,4,4,2015,278.76465
2015-04-10 08:00:00,11,4,4,2015,284.62613
2015-04-10 09:00:00,12,4,4,2015,284.94394
2015-04-10 10:00:00,13,4,4,2015,286.9896
2015-04-10 11:00:00,14,4,4,2015,287.15536
2015-04-10 12:00:00,15,4,4,2015,287.19592
2015-04-10 13:00:00,16,4,4,2015,287.3228
2015-04-10 14:00:00,17,4,4,2015,287.85767
2015-04-10 15:00:00,18,4,4,2015,287.67142
2015-04-10 16:00:00,19,4,4,2015,287.48355
2015-04-10 17:00:00,20,4,4,2015,283.4936
2015-04-10 18:00:00,21,4,4,2015,284.0592
2015-04-10 19:00:00,22,4,4,2015,283.44568
2015-04-10 20:00:00,23,4,4,2015,280.23724
2015-04-10 21:00:00,0,5,4,2015,280.03162
2015-04-10 22:00:00,1,5,4,2015,278.15063
2015-04-10 23:00:00,2,5,4,2015,278.15366
2015-04-11 00:00:00,3,5,4,2015,277.66537
2015-04-11 01:00:00,4,5,4,2015,276.7547
2015-04-11 02:00:00,5,5,4,2015,275.44177
2015-04-11 03:00:00,6,5,4,2015,275.7147
2015-04-11 04:00:00,7,5,4,2015,275.6156
2015-04-11 05:00:00,8,5,4,2015,278.32343
2015-04-11 06:00:00,9,5,4,2015,279.18
2015-04-11 07:00:00,10,5,4,2015,280.1828
2015-04-11 08:00:00,11,5,4,2015,287.19107
2015-04-11 09:00:00,12,5,4,2015,287.81345
2015-04-11 10:00:00,13,5,4,2015,291.3822
2015-04-11 11:00:00,14,5,4,2015,291.6898
2015-04-11 12:00:00,15,5,4,2015,291.96622
2015-04-11 13:00:00,16,5,4,2015,292.2519
2015-04-11 14:00:00,17,5,4,2015,292.88025
2015-04-11 15:00:00,18,5,4,2015,292.9714
2015-04-11 16:00:00,19,5,4,2015,292.62097
2015-04-11 17:00:00,20,5,4,2015,288.49954
2015-04-11 18:00:00,21,5,4,2015,287.50256
2015-04-11 19:00:00,22,5,4,2015,286.5765
2015-04-11 20:00:00,23,5,4,2015,282.99466
2015-04-11 21:00:00,0,6,4,2015,283.21167
2015-04-11 22:00:00,1,6,4,2015,281.27264
2015-04-11 23:00:00,2,6,4,2015,280.44873
2015-04-12 00:00:00,3,6,4,2015,280.16663
2015-04-12 01:00:00,4,6,4,2015,279.24377
2015-04-12 02:00:00,5,6,4,2015,277.55582
2015-04-12 03:00:00,6,6,4,2015,277.38586
2015-04-12 04:00:00,7,6,4,2015,277.14407
2015-04-12 05:00:00,8,6,4,2015,280.42804
2015-04-12 06:00:00,9,6,4,2015,281.2932
2015-04-12 07:00:00,10,6,4,2015,283.28336
2015-04-12 08:00:00,11,6,4,2015,289.91516
2015-04-12 09:00:00,12,6,4,2015,290.6466
2015-04-12 10:00:00,13,6,4,2015,293.64365
2015-04-12 11:00:00,14,6,4,2015,293.6096
2015-04-12 12:00:00,15,6,4,2015,293.5784
2015-04-12 13:00:00,16,6,4,2015,293.7079
2015-04-12 14:00:00,17,6,4,2015,293.26196
2015-04-12 15:00:00,18,6,4,2015,292.40213
2015-04-12 16:00:00,19,6,4,2015,292.2558
2015-04-12 17:00:00,20,6,4,2015,287.97598
2015-04-12 18:00:00,21,6,4,2015,288.13242
2015-04-12 19:00:00,22,6,4,2015,287.95575
2015-04-12 20:00:00,23,6,4,2015,284.88992
2015-04-12 21:00:00,0,0,4,2015,284.08423
2015-04-12 22:00:00,1,0,4,2015,282.01602
2015-04-12 23:00:00,2,0,4,2015,281.68436
2015-04-13 00:00:00,3,0,4,2015,281.00006
2015-04-13 01:00:00,4,0,4,2015,280.73734
2015-04-13 02:00:00,5,0,4,2015,279.93542
2015-04-13 03:00:00,6,0,4,2015,280.15598
2015-04-13 04:00:00,7,0,4,2015,280.17365
2015-04-13 05:00:00,8,0,4,2015,282.96448
2015-04-13 06:00:00,9,0,4,2015,283.9366
2015-04-13 07:00:00,10,0,4,2015,284.75705
2015-04-13 08:00:00,11,0,4,2015,290.94977
2015-04-13 09:00:00,12,0,4,2015,291.37656
2015-04-13 10:00:00,13,0,4,2015,293.75165
2015-04-13 11:00:00,14,0,4,2015,293.718
2015-04-13 12:00:00,15,0,4,2015,293.8876
2015-04-13 13:00:00,16,0,4,2015,293.75647
2015-04-13 14:00:00,17,0,4,2015,293.31802
2015-04-13 15:00:00,18,0,4,2015,293.43713
2015-04-13 16:00:00,19,0,4,2015,293.5024
2015-04-13 17:00:00,20,0,4,2015,290.23828
2015-04-13 18:00:00,21,0,4,2015,289.18265
2015-04-13 19:00:00,22,0,4,2015,287.84528
2015-04-13 20:00:00,23,0,4,2015,284.96304
2015-04-13 21:00:00,0,1,4,2015,284.3529
2015-04-13 22:00:00,1,1,4,2015,282.95364
2015-04-13 23:00:00,2,1,4,2015,282.62787
2015-04-14 00:00:00,3,1,4,2015,282.4776
2015-04-14 01:00:00,4,1,4,2015,282.2848
2015-04-14 02:00:00,5,1,4,2015,281.40405
2015-04-14 03:00:00,6,1,4,2015,281.39038
2015-04-14 04:00:00,7,1,4,2015,281.76965
2015-04-14 05:00:00,8,1,4,2015,283.65137
2015-04-14 06:00:00,9,1,4,2015,284.06198
2015-04-14 07:00:00,10,1,4,2015,284.37442
2015-04-14 08:00:00,11,1,4,2015,286.26575
2015-04-14 09:00:00,12,1,4,2015,286.61798
2015-04-14 10:00:00,13,1,4,2015,287.81802
2015-04-14 11:00:00,14,1,4,2015,288.149
2015-04-14 12:00:00,15,1,4,2015,288.29398
2015-04-14 13:00:00,16,1,4,2015,287.8451
2015-04-14 14:00:00,17,1,4,2015,287.03732
2015-04-14 15:00:00,18,1,4,2015,286.58447
2015-04-14 16:00:00,19,1,4,2015,286.3468
2015-04-14 17:00:00,20,1,4,2015,283.7464
2015-04-14 18:00:00,21,1,4,2015,283.12906
2015-04-14 19:00:00,22,1,4,2015,282.82022
2015-04-14 20:00:00,23,1,4,2015,281.09042
2015-04-14 21:00:00,0,2,4,2015,281.0143
2015-04-14 22:00:00,1,2,4,2015,278.84225
2015-04-14 23:00:00,2,2,4,2015,278.7956
2015-04-15 00:00:00,3,2,4,2015,279.05814
2015-04-15 01:00:00,4,2,4,2015,278.8367
2015-04-15 02:00:00,5,2,4,2015,277.28995
2015-04-15 03:00:00,6,2,4,2015,277.46436
2015-04-15 04:00:00,7,2,4,2015,277.3059
2015-04-15 05:00:00,8,2,4,2015,279.58612
2015-04-15 06:00:00,9,2,4,2015,280.20343
2015-04-15 07:00:00,10,2,4,2015,280.8636
2015-04-15 08:00:00,11,2,4,2015,286.59427
2015-04-15 09:00:00,12,2,4,2015,286.91177
2015-04-15 10:00:00,13,2,4,2015,289.47305
2015-04-15 11:00:00,14,2,4,2015,289.74878
2015-04-15 12:00:00,15,2,4,2015,289.88483
2015-04-15 13:00:00,16,2,4,2015,290.11145
2015-04-15 14:00:00,17,2,4,2015,291.18536
2015-04-15 15:00:00,18,2,4,2015,291.2144
2015-04-15 16:00:00,19,2,4,2015,291.0382
2015-04-15 17:00:00,20,2,4,2015,287.66913
2015-04-15 18:00:00,21,2,4,2015,286.95935
2015-04-15 19:00:00,22,2,4,2015,286.19916
2015-04-15 20:00:00,23,2,4,2015,283.1774
2015-04-15 21:00:00,0,3,4,2015,282.9309
2015-04-15 22:00:00,1,3,4,2015,281.09048
2015-04-15 23:00:00,2,3,4,2015,280.99576
2015-04-16 00:00:00,3,3,4,2015,280.5816
2015-04-16 01:00:00,4,3,4,2015,280.46915
2015-04-16 02:00:00,5,3,4,2015,279.12787
2015-04-16 03:00:00,6,3,4,2015,279.0541
2015-04-16 04:00:00,7,3,4,2015,278.81223
2015-04-16 05:00:00,8,3,4,2015,282.51828
2015-04-16 06:00:00,9,3,4,2015,283.28406
2015-04-16 07:00:00,10,3,4,2015,284.6522
2015-04-16 08:00:00,11,3,4,2015,291.04947
2015-04-16 09:00:00,12,3,4,2015,291.5904
2015-04-16 10:00:00,13,3,4,2015,294.84668
2015-04-16 11:00:00,14,3,4,2015,295.20764
2015-04-16 12:00:00,15,3,4,2015,295.50687
2015-04-16 13:00:00,16,3,4,2015,295.7406
2015-04-16 14:00:00,17,3,4,2015,296.2293
2015-04-16 15:00:00,18,3,4,2015,296.06424
2015-04-16 16:00:00,19,3,4,2015,295.67133
2015-04-16 17:00:00,20,3,4,2015,290.58655
2015-04-16 18:00:00,21,3,4,2015,290.23523
2015-04-16 19:00:00,22,3,4,2015,289.2528
2015-04-16 20:00:00,23,3,4,2015,286.08313
2015-04-16 21:00:00,0,4,4,2015,285.38297
2015-04-16 22:00:00,1,4,4,2015,283.9945
2015-04-16 23:00:00,2,4,4,2015,283.9301
2015-04-17 00:00:00,3,4,4,2015,283.8853
2015-04-17 01:00:00,4,4,4,2015,283.6312
2015-04-17 02:00:00,5,4,4,2015,282.77585
2015-04-17 03:00:00,6,4,4,2015,282.66467
2015-04-17 04:00:00,7,4,4,2015,282.41388
2015-04-17 05:00:00,8,4,4,2015,285.36954
2015-04-17 06:00:00,9,4,4,2015,286.25916
2015-04-17 07:00:00,10,4,4,2015,287.4167
2015-04-17 08:00:00,11,4,4,2015,292.79846
2015-04-17 09:00:00,12,4,4,2015,293.84607
2015-04-17 10:00:00,13,4,4,2015,296.612
2015-04-17 11:00:00,14,4,4,2015,296.9335
2015-04-17 12:00:00,15,4,4,2015,297.15277
2015-04-17 13:00:00,16,4,4,2015,297.34714
2015-04-17 14:00:00,17,4,4,2015,296.73767
2015-04-17 15:00:00,18,4,4,2015,296.59045
2015-04-17 16:00:00,19,4,4,2015,296.27502
2015-04-17 17:00:00,20,4,4,2015,292.23972
2015-04-17 18:00:00,21,4,4,2015,291.12012
2015-04-17 19:00:00,22,4,4,2015,290.10437
2015-04-17 20:00:00,23,4,4,2015,287.64774
2015-04-17 21:00:00,0,5,4,2015,287.26532
2015-04-17 22:00:00,1,5,4,2015,286.28165
2015-04-17 23:00:00,2,5,4,2015,286.0287
2015-04-18 00:00:00,3,5,4,2015,285.46173
2015-04-18 01:00:00,4,5,4,2015,285.20844
2015-04-18 02:00:00,5,5,4,2015,284.2417
2015-04-18 03:00:00,6,5,4,2015,284.04156
2015-04-18 04:00:00,7,5,4,2015,283.7702
2015-04-18 05:00:00,8,5,4,2015,286.06995
2015-04-18 06:00:00,9,5,4,2015,286.87183
2015-04-18 07:00:00,10,5,4,2015,287.68542
2015-04-18 08:00:00,11,5,4,2015,291.54343
2015-04-18 09:00:00,12,5,4,2015,291.7455
2015-04-18 10:00:00,13,5,4,2015,292.3931
2015-04-18 11:00:00,14,5,4,2015,292.84277
2015-04-18 12:00:00,15,5,4,2015,293.23523
2015-04-18 13:00:00,16,5,4,2015,291.79874
2015-04-18 14:00:00,17,5,4,2015,289.35617
2015-04-18 15:00:00,18,5,4,2015,288.90735
2015-04-18 16:00:00,19,5,4,2015,287.78775
2015-04-18 17:00:00,20,5,4,2015,284.30844
2015-04-18 18:00:00,21,5,4,2015,284.2209
2015-04-18 19:00:00,22,5,4,2015,284.19482
2015-04-18 20:00:00,23,5,4,2015,282.62112
2015-04-18 21:00:00,0,6,4,2015,282.4986
2015-04-18 22:00:00,1,6,4,2015,281.3647
2015-04-18 23:00:00,2,6,4,2015,281.13275
2015-04-19 00:00:00,3,6,4,2015,280.8159
2015-04-19 01:00:00,4,6,4,2015,280.653
2015-04-19 02:00:00,5,6,4,2015,279.40677
2015-04-19 03:00:00,6,6,4,2015,279.08
2015-04-19 04:00:00,7,6,4,2015,279.02625
2015-04-19 05:00:00,8,6,4,2015,278.50974
2015-04-19 06:00:00,9,6,4,2015,278.36154
2015-04-19 07:00:00,10,6,4,2015,278.563
2015-04-19 08:00:00,11,6,4,2015,280.99094
2015-04-19 09:00:00,12,6,4,2015,281.2076
2015-04-19 10:00:00,13,6,4,2015,283.1538
2015-04-19 11:00:00,14,6,4,2015,283.56046
2015-04-19 12:00:00,15,6,4,2015,284.0421
2015-04-19 13:00:00,16,6,4,2015,284.41074
2015-04-19 14:00:00,17,6,4,2015,284.9494
2015-04-19 15:00:00,18,6,4,2015,284.86365
2015-04-19 16:00:00,19,6,4,2015,284.75113
2015-04-19 17:00:00,20,6,4,2015,281.54285
2015-04-19 18:00:00,21,6,4,2015,281.04855
2015-04-19 19:00:00,22,6,4,2015,281.32187
2015-04-19 20:00:00,23,6,4,2015,279.37177
2015-04-19 21:00:00,0,0,4,2015,278.8504
2015-04-19 22:00:00,1,0,4,2015,277.28333
2015-04-19 23:00:00,2,0,4,2015,276.5679
2015-04-20 00:00:00,3,0,4,2015,276.38617
2015-04-20 01:00:00,4,0,4,2015,276.12082
2015-04-20 02:00:00,5,0,4,2015,274.54742
2015-04-20 03:00:00,6,0,4,2015,274.65903
2015-04-20 04:00:00,7,0,4,2015,274.57532
2015-04-20 05:00:00,8,0,4,2015,277.45193
2015-04-20 06:00:00,9,0,4,2015,278.12225
2015-04-20 07:00:00,10,0,4,2015,278.98724
2015-04-20 08:00:00,11,0,4,2015,283.7373
2015-04-20 09:00:00,12,0,4,2015,284.19116
2015-04-20 10:00:00,13,0,4,2015,286.74136
2015-04-20 11:00:00,14,0,4,2015,286.7121
2015-04-20 12:00:00,15,0,4,2015,286.60825
2015-04-20 13:00:00,16,0,4,2015,286.66183
2015-04-20 14:00:00,17,0,4,2015,287.01947
2015-04-20 15:00:00,18,0,4,2015,286.70227
2015-04-20 16:00:00,19,0,4,2015,286.54007
2015-04-20 17:00:00,20,0,4,2015,284.25848
2015-04-20 18:00:00,21,0,4,2015,284.09494
2015-04-20 19:00:00,22,0,4,2015,284.03094
2015-04-20 20:00:00,23,0,4,2015,282.37387
2015-04-20 21:00:00,0,1,4,2015,282.28244
2015-04-20 22:00:00,1,1,4,2015,281.07654
2015-04-20 23:00:00,2,1,4,2015,280.89087
2015-04-21 00:00:00,3,1,4,2015,280.46988
2015-04-21 01:00:00,4,1,4,2015,280.5227
2015-04-21 02:00:00,5,1,4,2015,278.99615
2015-04-21 03:00:00,6,1,4,2015,278.91843
2015-04-21 04:00:00,7,1,4,2015,278.65955
2015-04-21 05:00:00,8,1,4,2015,279.6374
2015-04-21 06:00:00,9,1,4,2015,279.87003
2015-04-21 07:00:00,10,1,4,2015,280.34244
2015-04-21 08:00:00,11,1,4,2015,283.44498
2015-04-21 09:00:00,12,1,4,2015,283.50623
2015-04-21 10:00:00,13,1,4,2015,285.3074
2015-04-21 11:00:00,14,1,4,2015,285.66455
2015-04-21 12:00:00,15,1,4,2015,285.73608
2015-04-21 13:00:00,16,1,4,2015,285.89148
2015-04-21 14:00:00,17,1,4,2015,286.083
2015-04-21 15:00:00,18,1,4,2015,285.61603
2015-04-21 16:00:00,19,1,4,2015,285.41312
2015-04-21 17:00:00,20,1,4,2015,282.9313
2015-04-21 18:00:00,21,1,4,2015,282.87332
2015-04-21 19:00:00,22,1,4,2015,281.7941
2015-04-21 20:00:00,23,1,4,2015,280.19794
2015-04-21 21:00:00,0,2,4,2015,280.46277
2015-04-21 22:00:00,1,2,4,2015,278.8937
2015-04-21 23:00:00,2,2,4,2015,279.0191
2015-04-22 00:00:00,3,2,4,2015,278.81036
2015-04-22 01:00:00,4,2,4,2015,278.86633
2015-04-22 02:00:00,5,2,4,2015,277.67978
2015-04-22 03:00:00,6,2,4,2015,278.15344
2015-04-22 04:00:00,7,2,4,2015,277.97037
2015-04-22 05:00:00,8,2,4,2015,279.42047
2015-04-22 06:00:00,9,2,4,2015,279.42026
2015-04-22 07:00:00,10,2,4,2015,279.5532
2015-04-22 08:00:00,11,2,4,2015,283.0475
2015-04-22 09:00:00,12,2,4,2015,283.23633
2015-04-22 10:00:00,13,2,4,2015,285.5075
2015-04-22 11:00:00,14,2,4,2015,285.51758
2015-04-22 12:00:00,15,2,4,2015,285.11258
2015-04-22 13:00:00,16,2,4,2015,285.00085
2015-04-22 14:00:00,17,2,4,2015,285.11072
2015-04-22 15:00:00,18,2,4,2015,284.8518
2015-04-22 16:00:00,19,2,4,2015,284.7881
2015-04-22 17:00:00,20,2,4,2015,281.45142
2015-04-22 18:00:00,21,2,4,2015,280.97635
2015-04-22 19:00:00,22,2,4,2015,280.88443
2015-04-22 20:00:00,23,2,4,2015,278.3642
2015-04-22 21:00:00,0,3,4,2015,278.26236
2015-04-22 22:00:00,1,3,4,2015,276.73215
2015-04-22 23:00:00,2,3,4,2015,276.56842
2015-04-23 00:00:00,3,3,4,2015,276.573
2015-04-23 01:00:00,4,3,4,2015,276.3191
2015-04-23 02:00:00,5,3,4,2015,275.37463
2015-04-23 03:00:00,6,3,4,2015,275.61313
2015-04-23 04:00:00,7,3,4,2015,275.86807
2015-04-23 05:00:00,8,3,4,2015,279.07632
2015-04-23 06:00:00,9,3,4,2015,279.8988
2015-04-23 07:00:00,10,3,4,2015,280.6272
2015-04-23 08:00:00,11,3,4,2015,285.67615
2015-04-23 09:00:00,12,3,4,2015,285.9816
2015-04-23 10:00:00,13,3,4,2015,288.6215
2015-04-23 11:00:00,14,3,4,2015,288.8746
2015-04-23 12:00:00,15,3,4,2015,289.17172
2015-04-23 13:00:00,16,3,4,2015,289.33466
2015-04-23 14:00:00,17,3,4,2015,290.2089
2015-04-23 15:00:00,18,3,4,2015,290.27628
2015-04-23 16:00:00,19,3,4,2015,290.1879
2015-04-23 17:00:00,20,3,4,2015,286.9674
2015-04-23 18:00:00,21,3,4,2015,286.81723
2015-04-23 19:00:00,22,3,4,2015,285.75696
2015-04-23 20:00:00,23,3,4,2015,281.83734
2015-04-23 21:00:00,0,4,4,2015,281.03177
2015-04-23 22:00:00,1,4,4,2015,278.83466
2015-04-23 23:00:00,2,4,4,2015,278.45917
2015-04-24 00:00:00,3,4,4,2015,278.22437
2015-04-24 01:00:00,4,4,4,2015,278.0886
2015-04-24 02:00:00,5,4,4,2015,277.161
2015-04-24 03:00:00,6,4,4,2015,277.55774
2015-04-24 04:00:00,7,4,4,2015,277.9009
2015-04-24 05:00:00,8,4,4,2015,281.44894
2015-04-24 06:00:00,9,4,4,2015,282.1755
2015-04-24 07:00:00,10,4,4,2015,282.87527
2015-04-24 08:00:00,11,4,4,2015,288.68024
2015-04-24 09:00:00,12,4,4,2015,289.08145
2015-04-24 10:00:00,13,4,4,2015,292.26416
2015-04-24 11:00:00,14,4,4,2015,292.5054
2015-04-24 12:00:00,15,4,4,2015,292.607
2015-04-24 13:00:00,16,4,4,2015,292.88126
2015-04-24 14:00:00,17,4,4,2015,292.85822
2015-04-24 15:00:00,18,4,4,2015,292.73947
2015-04-24 16:00:00,19,4,4,2015,292.49252
2015-04-24 17:00:00,20,4,4,2015,288.39548
2015-04-24 18:00:00,21,4,4,2015,287.96576
2015-04-24 19:00:00,22,4,4,2015,287.77573
2015-04-24 20:00:00,23,4,4,2015,284.68527
2015-04-24 21:00:00,0,5,4,2015,283.69553
2015-04-24 22:00:00,1,5,4,2015,282.9847
2015-04-24 23:00:00,2,5,4,2015,282.2835
2015-04-25 00:00:00,3,5,4,2015,281.17862
2015-04-25 01:00:00,4,5,4,2015,280.97342
2015-04-25 02:00:00,5,5,4,2015,280.5771
2015-04-25 03:00:00,6,5,4,2015,280.8797
2015-04-25 04:00:00,7,5,4,2015,281.13925
2015-04-25 05:00:00,8,5,4,2015,284.28323
2015-04-25 06:00:00,9,5,4,2015,284.57684
2015-04-25 07:00:00,10,5,4,2015,285.2286
2015-04-25 08:00:00,11,5,4,2015,290.45667
2015-04-25 09:00:00,12,5,4,2015,291.02454
2015-04-25 10:00:00,13,5,4,2015,292.854
2015-04-25 11:00:00,14,5,4,2015,293.11902
2015-04-25 12:00:00,15,5,4,2015,293.1143
2015-04-25 13:00:00,16,5,4,2015,293.2473
2015-04-25 14:00:00,17,5,4,2015,292.65366
2015-04-25 15:00:00,18,5,4,2015,292.3048
2015-04-25 16:00:00,19,5,4,2015,292.05295
2015-04-25 17:00:00,20,5,4,2015,288.14035
2015-04-25 18:00:00,21,5,4,2015,288.3543
2015-04-25 19:00:00,22,5,4,2015,288.35092
2015-04-25 20:00:00,23,5,4,2015,285.66635
2015-04-25 21:00:00,0,6,4,2015,284.67838
2015-04-25 22:00:00,1,6,4,2015,282.13815
2015-04-25 23:00:00,2,6,4,2015,281.89258
2015-04-26 00:00:00,3,6,4,2015,281.4381
2015-04-26 01:00:00,4,6,4,2015,281.2461
2015-04-26 02:00:00,5,6,4,2015,279.7121
2015-04-26 03:00:00,6,6,4,2015,279.75842
2015-04-26 04:00:00,7,6,4,2015,279.90598
2015-04-26 05:00:00,8,6,4,2015,283.55853
2015-04-26 06:00:00,9,6,4,2015,284.35944
2015-04-26 07:00:00,10,6,4,2015,285.12982
2015-04-26 08:00:00,11,6,4,2015,291.0777
2015-04-26 09:00:00,12,6,4,2015,291.56308
2015-04-26 10:00:00,13,6,4,2015,294.29065
2015-04-26 11:00:00,14,6,4,2015,294.68628
2015-04-26 12:00:00,15,6,4,2015,294.65573
2015-04-26 13:00:00,16,6,4,2015,294.81967
2015-04-26 14:00:00,17,6,4,2015,294.86142
2015-04-26 15:00:00,18,6,4,2015,294.45822
2015-04-26 16:00:00,19,6,4,2015,294.44766
2015-04-26 17:00:00,20,6,4,2015,290.33765
2015-04-26 18:00:00,21,6,4,2015,289.80408
2015-04-26 19:00:00,22,6,4,2015,289.23483
2015-04-26 20:00:00,23,6,4,2015,286.4447
2015-04-26 21:00:00,0,0,4,2015,286.0368
2015-04-26 22:00:00,1,0,4,2015,284.20538
2015-04-26 23:00:00,2,0,4,2015,283.27087
2015-04-27 00:00:00,3,0,4,2015,282.98145
2015-04-27 01:00:00,4,0,4,2015,282.9363
2015-04-27 02:00:00,5,0,4,2015,281.59738
2015-04-27 03:00:00,6,0,4,2015,281.8512
2015-04-27 04:00:00,7,0,4,2015,282.17328
2015-04-27 05:00:00,8,0,4,2015,285.6852
2015-04-27 06:00:00,9,0,4,2015,286.56305
2015-04-27 07:00:00,10,0,4,2015,286.90347
2015-04-27 08:00:00,11,0,4,2015,292.66257
2015-04-27 09:00:00,12,0,4,2015,293.21194
2015-04-27 10:00:00,13,0,4,2015,295.75848
2015-04-27 11:00:00,14,0,4,2015,296.21317
2015-04-27 12:00:00,15,0,4,2015,296.36975
2015-04-27 13:00:00,16,0,4,2015,296.41544
2015-04-27 14:00:00,17,0,4,2015,295.81348
2015-04-27 15:00:00,18,0,4,2015,295.63333
2015-04-27 16:00:00,19,0,4,2015,295.15436
2015-04-27 17:00:00,20,0,4,2015,291.3529
2015-04-27 18:00:00,21,0,4,2015,290.95612
2015-04-27 19:00:00,22,0,4,2015,290.57462
2015-04-27 20:00:00,23,0,4,2015,288.60626
2015-04-27 21:00:00,0,1,4,2015,288.3897
2015-04-27 22:00:00,1,1,4,2015,286.9275
2015-04-27 23:00:00,2,1,4,2015,286.68576
2015-04-28 00:00:00,3,1,4,2015,287.00134
2015-04-28 01:00:00,4,1,4,2015,286.58206
2015-04-28 02:00:00,5,1,4,2015,285.95377
2015-04-28 03:00:00,6,1,4,2015,285.61295
2015-04-28 04:00:00,7,1,4,2015,285.63947
2015-04-28 05:00:00,8,1,4,2015,287.15524
2015-04-28 06:00:00,9,1,4,2015,287.48825
2015-04-28 07:00:00,10,1,4,2015,287.894
2015-04-28 08:00:00,11,1,4,2015,290.22827
2015-04-28 09:00:00,12,1,4,2015,290.29837
2015-04-28 10:00:00,13,1,4,2015,291.39154
2015-04-28 11:00:00,14,1,4,2015,290.29684
2015-04-28 12:00:00,15,1,4,2015,290.21573
2015-04-28 13:00:00,16,1,4,2015,290.38266
2015-04-28 14:00:00,17,1,4,2015,289.2232
2015-04-28 15:00:00,18,1,4,2015,288.93787
2015-04-28 16:00:00,19,1,4,2015,288.88077
2015-04-28 17:00:00,20,1,4,2015,286.538
2015-04-28 18:00:00,21,1,4,2015,286.23196
2015-04-28 19:00:00,22,1,4,2015,285.5946
2015-04-28 20:00:00,23,1,4,2015,283.86145
2015-04-28 21:00:00,0,2,4,2015,283.57724
2015-04-28 22:00:00,1,2,4,2015,282.0498
2015-04-28 23:00:00,2,2,4,2015,281.42188
2015-04-29 00:00:00,3,2,4,2015,281.63745
2015-04-29 01:00:00,4,2,4,2015,281.7092
2015-04-29 02:00:00,5,2,4,2015,281.76196
2015-04-29 03:00:00,6,2,4,2015,282.00024
2015-04-29 04:00:00,7,2,4,2015,282.3756
2015-04-29 05:00:00,8,2,4,2015,284.2336
2015-04-29 06:00:00,9,2,4,2015,285.16858
2015-04-29 07:00:00,10,2,4,2015,285.34985
2015-04-29 08:00:00,11,2,4,2015,286.83344
2015-04-29 09:00:00,12,2,4,2015,286.5732
2015-04-29 10:00:00,13,2,4,2015,286.76083
2015-04-29 11:00:00,14,2,4,2015,286.48676
2015-04-29 12:00:00,15,2,4,2015,286.3859
2015-04-29 13:00:00,16,2,4,2015,286.25983
2015-04-29 14:00:00,17,2,4,2015,285.61154
2015-04-29 15:00:00,18,2,4,2015,285.60284
2015-04-29 16:00:00,19,2,4,2015,285.3944
2015-04-29 17:00:00,20,2,4,2015,283.6274
2015-04-29 18:00:00,21,2,4,2015,283.47125
2015-04-29 19:00:00,22,2,4,2015,283.34836
2015-04-29 20:00:00,23,2,4,2015,282.05316
2015-04-29 21:00:00,0,3,4,2015,281.99728
2015-04-29 22:00:00,1,3,4,2015,281.13815
2015-04-29 23:00:00,2,3,4,2015,281.10883
2015-04-30 00:00:00,3,3,4,2015,280.64328
2015-04-30 01:00:00,4,3,4,2015,280.73572
2015-04-30 02:00:00,5,3,4,2015,279.79315
2015-04-30 03:00:00,6,3,4,2015,280.0425
2015-04-30 04:00:00,7,3,4,2015,280.1335
2015-04-30 05:00:00,8,3,4,2015,281.8817
2015-04-30 06:00:00,9,3,4,2015,282.19366
2015-04-30 07:00:00,10,3,4,2015,282.82507
2015-04-30 08:00:00,11,3,4,2015,286.8494
2015-04-30 09:00:00,12,3,4,2015,287.13367
2015-04-30 10:00:00,13,3,4,2015,289.5704
2015-04-30 11:00:00,14,3,4,2015,289.79773
2015-04-30 12:00:00,15,3,4,2015,290.1572
2015-04-30 13:00:00,16,3,4,2015,290.32947
2015-04-30 14:00:00,17,3,4,2015,290.98395
2015-04-30 15:00:00,18,3,4,2015,291.05624
2015-04-30 16:00:00,19,3,4,2015,290.74945
2015-04-30 17:00:00,20,3,4,2015,287.7533
2015-04-30 18:00:00,21,3,4,2015,286.80923
2015-04-30 19:00:00,22,3,4,2015,286.61942
2015-04-30 20:00:00,23,3,4,2015,284.34015
2015-04-30 21:00:00,0,4,5,2015,284.02148
2015-04-30 22:00:00,1,4,5,2015,282.77362
2015-04-30 23:00:00,2,4,5,2015,283.04755
2015-05-01 00:00:00,3,4,5,2015,282.82413
2015-05-01 01:00:00,4,4,5,2015,282.46072
2015-05-01 02:00:00,5,4,5,2015,281.53116
2015-05-01 03:00:00,6,4,5,2015,281.35077
2015-05-01 04:00:00,7,4,5,2015,281.80264
2015-05-01 05:00:00,8,4,5,2015,283.4258
2015-05-01 06:00:00,9,4,5,2015,286.87265
2015-05-01 07:00:00,10,4,5,2015,287.36194
2015-05-01 08:00:00,11,4,5,2015,290.03433
2015-05-01 09:00:00,12,4,5,2015,290.295
2015-05-01 10:00:00,13,4,5,2015,292.5235
2015-05-01 11:00:00,14,4,5,2015,292.86203
2015-05-01 12:00:00,15,4,5,2015,292.87454
2015-05-01 13:00:00,16,4,5,2015,292.94067
2015-05-01 14:00:00,17,4,5,2015,293.5959
2015-05-01 15:00:00,18,4,5,2015,293.4385
2015-05-01 16:00:00,19,4,5,2015,293.33658
2015-05-01 17:00:00,20,4,5,2015,289.52277
2015-05-01 18:00:00,21,4,5,2015,289.73975
2015-05-01 19:00:00,22,4,5,2015,289.8223
2015-05-01 20:00:00,23,4,5,2015,286.94922
2015-05-01 21:00:00,0,5,5,2015,286.17853
2015-05-01 22:00:00,1,5,5,2015,285.10083
2015-05-01 23:00:00,2,5,5,2015,284.67053
2015-05-02 00:00:00,3,5,5,2015,284.79282
2015-05-02 01:00:00,4,5,5,2015,284.9833
2015-05-02 02:00:00,5,5,5,2015,284.46967
2015-05-02 03:00:00,6,5,5,2015,284.6548
2015-05-02 04:00:00,7,5,5,2015,284.8883
2015-05-02 05:00:00,8,5,5,2015,286.1283
2015-05-02 06:00:00,9,5,5,2015,286.16226
2015-05-02 07:00:00,10,5,5,2015,286.4943
2015-05-02 08:00:00,11,5,5,2015,289.08456
2015-05-02 09:00:00,12,5,5,2015,289.52316
2015-05-02 10:00:00,13,5,5,2015,289.47644
2015-05-02 11:00:00,14,5,5,2015,289.68933
2015-05-02 12:00:00,15,5,5,2015,289.56274
2015-05-02 13:00:00,16,5,5,2015,289.27414
2015-05-02 14:00:00,17,5,5,2015,288.2924
2015-05-02 15:00:00,18,5,5,2015,287.7474
2015-05-02 16:00:00,19,5,5,2015,287.61844
2015-05-02 17:00:00,20,5,5,2015,286.5676
2015-05-02 18:00:00,21,5,5,2015,286.42596
2015-05-02 19:00:00,22,5,5,2015,286.589
2015-05-02 20:00:00,23,5,5,2015,285.62976
2015-05-02 21:00:00,0,6,5,2015,285.15295
2015-05-02 22:00:00,1,6,5,2015,284.17975
2015-05-02 23:00:00,2,6,5,2015,284.08716
2015-05-03 00:00:00,3,6,5,2015,283.92645
2015-05-03 01:00:00,4,6,5,2015,284.05573
2015-05-03 02:00:00,5,6,5,2015,283.5636
2015-05-03 03:00:00,6,6,5,2015,283.67896
2015-05-03 04:00:00,7,6,5,2015,283.71368
2015-05-03 05:00:00,8,6,5,2015,286.04868
2015-05-03 06:00:00,9,6,5,2015,286.36484
2015-05-03 07:00:00,10,6,5,2015,286.50305
2015-05-03 08:00:00,11,6,5,2015,290.5504
2015-05-03 09:00:00,12,6,5,2015,290.79907
2015-05-03 10:00:00,13,6,5,2015,293.25522
2015-05-03 11:00:00,14,6,5,2015,293.7603
2015-05-03 12:00:00,15,6,5,2015,293.95844
2015-05-03 13:00:00,16,6,5,2015,294.01428
2015-05-03 14:00:00,17,6,5,2015,294.83643
2015-05-03 15:00:00,18,6,5,2015,294.70798
2015-05-03 16:00:00,19,6,5,2015,294.4477
2015-05-03 17:00:00,20,6,5,2015,291.12033
2015-05-03 18:00:00,21,6,5,2015,291.41708
2015-05-03 19:00:00,22,6,5,2015,290.98038
2015-05-03 20:00:00,23,6,5,2015,287.83624
2015-05-03 21:00:00,0,0,5,2015,287.6962
2015-05-03 22:00:00,1,0,5,2015,285.67398
2015-05-03 23:00:00,2,0,5,2015,285.6774
2015-05-04 00:00:00,3,0,5,2015,285.74832
2015-05-04 01:00:00,4,0,5,2015,285.4115
2015-05-04 02:00:00,5,0,5,2015,284.65067
2015-05-04 03:00:00,6,0,5,2015,284.7901
2015-05-04 04:00:00,7,0,5,2015,285.26083
2015-05-04 05:00:00,8,0,5,2015,287.5814
2015-05-04 06:00:00,9,0,5,2015,287.8187
2015-05-04 07:00:00,10,0,5,2015,288.29333
2015-05-04 08:00:00,11,0,5,2015,292.6836
2015-05-04 09:00:00,12,0,5,2015,292.86526
2015-05-04 10:00:00,13,0,5,2015,295.3018
2015-05-04 11:00:00,14,0,5,2015,295.4613
2015-05-04 12:00:00,15,0,5,2015,295.5329
2015-05-04 13:00:00,16,0,5,2015,295.57007
2015-05-04 14:00:00,17,0,5,2015,295.7764
2015-05-04 15:00:00,18,0,5,2015,295.41278
2015-05-04 16:00:00,19,0,5,2015,295.44904
2015-05-04 17:00:00,20,0,5,2015,292.1914
2015-05-04 18:00:00,21,0,5,2015,291.42593
2015-05-04 19:00:00,22,0,5,2015,291.16702
2015-05-04 20:00:00,23,0,5,2015,288.74335
2015-05-04 21:00:00,0,1,5,2015,288.66208
2015-05-04 22:00:00,1,1,5,2015,286.97372
2015-05-04 23:00:00,2,1,5,2015,286.7176
2015-05-05 00:00:00,3,1,5,2015,286.83655
2015-05-05 01:00:00,4,1,5,2015,286.94055
2015-05-05 02:00:00,5,1,5,2015,285.71658
2015-05-05 03:00:00,6,1,5,2015,286.0194
2015-05-05 04:00:00,7,1,5,2015,286.44153
2015-05-05 05:00:00,8,1,5,2015,289.662
2015-05-05 06:00:00,9,1,5,2015,290.12732
2015-05-05 07:00:00,10,1,5,2015,290.7982
2015-05-05 08:00:00,11,1,5,2015,295.87393
2015-05-05 09:00:00,12,1,5,2015,295.99103
2015-05-05 10:00:00,13,1,5,2015,298.33478
2015-05-05 11:00:00,14,1,5,2015,298.49667
2015-05-05 12:00:00,15,1,5,2015,298.28445
2015-05-05 13:00:00,16,1,5,2015,298.24368
2015-05-05 14:00:00,17,1,5,2015,298.51123
2015-05-05 15:00:00,18,1,5,2015,298.37842
2015-05-05 16:00:00,19,1,5,2015,298.24603
2015-05-05 17:00:00,20,1,5,2015,294.56702
2015-05-05 18:00:00,21,1,5,2015,294.1024
2015-05-05 19:00:00,22,1,5,2015,293.70795
2015-05-05 20:00:00,23,1,5,2015,290.48444
2015-05-05 21:00:00,0,2,5,2015,289.86823
2015-05-05 22:00:00,1,2,5,2015,288.01752
2015-05-05 23:00:00,2,2,5,2015,287.93863
2015-05-06 00:00:00,3,2,5,2015,287.58267
2015-05-06 01:00:00,4,2,5,2015,287.57004
2015-05-06 02:00:00,5,2,5,2015,286.52225
2015-05-06 03:00:00,6,2,5,2015,286.60944
2015-05-06 04:00:00,7,2,5,2015,286.96823
2015-05-06 05:00:00,8,2,5,2015,289.8054
2015-05-06 06:00:00,9,2,5,2015,290.14023
2015-05-06 07:00:00,10,2,5,2015,291.17966
2015-05-06 08:00:00,11,2,5,2015,296.1966
2015-05-06 09:00:00,12,2,5,2015,296.58224
2015-05-06 10:00:00,13,2,5,2015,299.20276
2015-05-06 11:00:00,14,2,5,2015,299.27942
2015-05-06 12:00:00,15,2,5,2015,299.361
2015-05-06 13:00:00,16,2,5,2015,299.48325
2015-05-06 14:00:00,17,2,5,2015,299.48154
2015-05-06 15:00:00,18,2,5,2015,299.22632
2015-05-06 16:00:00,19,2,5,2015,299.18262
2015-05-06 17:00:00,20,2,5,2015,294.87115
2015-05-06 18:00:00,21,2,5,2015,294.08725
2015-05-06 19:00:00,22,2,5,2015,293.403
2015-05-06 20:00:00,23,2,5,2015,290.8076
2015-05-06 21:00:00,0,3,5,2015,290.40063
2015-05-06 22:00:00,1,3,5,2015,288.64163
2015-05-06 23:00:00,2,3,5,2015,288.5862
2015-05-07 00:00:00,3,3,5,2015,288.2752
2015-05-07 01:00:00,4,3,5,2015,288.32397
2015-05-07 02:00:00,5,3,5,2015,287.42383
2015-05-07 03:00:00,6,3,5,2015,287.9498
2015-05-07 04:00:00,7,3,5,2015,287.95612
2015-05-07 05:00:00,8,3,5,2015,289.6044
2015-05-07 06:00:00,9,3,5,2015,290.26703
2015-05-07 07:00:00,10,3,5,2015,290.22107
2015-05-07 08:00:00,11,3,5,2015,292.82016
2015-05-07 09:00:00,12,3,5,2015,293.5453
2015-05-07 10:00:00,13,3,5,2015,295.40314
2015-05-07 11:00:00,14,3,5,2015,294.65594
2015-05-07 12:00:00,15,3,5,2015,293.82806
2015-05-07 13:00:00,16,3,5,2015,294.0534
2015-05-07 14:00:00,17,3,5,2015,294.14328
2015-05-07 15:00:00,18,3,5,2015,294.21262
2015-05-07 16:00:00,19,3,5,2015,293.73254
2015-05-07 17:00:00,20,3,5,2015,291.19403
2015-05-07 18:00:00,21,3,5,2015,291.02267
2015-05-07 19:00:00,22,3,5,2015,290.99832
2015-05-07 20:00:00,23,3,5,2015,289.04333
2015-05-07 21:00:00,0,4,5,2015,288.7611
2015-05-07 22:00:00,1,4,5,2015,286.6215
2015-05-07 23:00:00,2,4,5,2015,286.2516
2015-05-08 00:00:00,3,4,5,2015,286.14285
2015-05-08 01:00:00,4,4,5,2015,286.1249
2015-05-08 02:00:00,5,4,5,2015,285.27634
2015-05-08 03:00:00,6,4,5,2015,285.57455
2015-05-08 04:00:00,7,4,5,2015,285.2196
2015-05-08 05:00:00,8,4,5,2015,287.70816
2015-05-08 06:00:00,9,4,5,2015,287.92926
2015-05-08 07:00:00,10,4,5,2015,288.47412
2015-05-08 08:00:00,11,4,5,2015,292.3061
2015-05-08 09:00:00,12,4,5,2015,292.36374
2015-05-08 10:00:00,13,4,5,2015,294.91782
2015-05-08 11:00:00,14,4,5,2015,295.09198
2015-05-08 12:00:00,15,4,5,2015,295.0938
2015-05-08 13:00:00,16,4,5,2015,295.12476
2015-05-08 14:00:00,17,4,5,2015,295.57217
2015-05-08 15:00:00,18,4,5,2015,295.32104
2015-05-08 16:00:00,19,4,5,2015,295.10013
2015-05-08 17:00:00,20,4,5,2015,291.6548
2015-05-08 18:00:00,21,4,5,2015,290.6234
2015-05-08 19:00:00,22,4,5,2015,290.2169
2015-05-08 20:00:00,23,4,5,2015,287.11063
2015-05-08 21:00:00,0,5,5,2015,286.51654
2015-05-08 22:00:00,1,5,5,2015,285.11374
2015-05-08 23:00:00,2,5,5,2015,284.72485
2015-05-09 00:00:00,3,5,5,2015,284.5065
2015-05-09 01:00:00,4,5,5,2015,284.72925
2015-05-09 02:00:00,5,5,5,2015,283.89542
2015-05-09 03:00:00,6,5,5,2015,284.1801
2015-05-09 04:00:00,7,5,5,2015,284.38205
2015-05-09 05:00:00,8,5,5,2015,287.6837
2015-05-09 06:00:00,9,5,5,2015,288.11633
2015-05-09 07:00:00,10,5,5,2015,288.47665
2015-05-09 08:00:00,11,5,5,2015,292.19128
2015-05-09 09:00:00,12,5,5,2015,292.31378
2015-05-09 10:00:00,13,5,5,2015,293.50244
2015-05-09 11:00:00,14,5,5,2015,293.53397
2015-05-09 12:00:00,15,5,5,2015,293.06232
2015-05-09 13:00:00,16,5,5,2015,293.07153
2015-05-09 14:00:00,17,5,5,2015,292.7283
2015-05-09 15:00:00,18,5,5,2015,292.50092
2015-05-09 16:00:00,19,5,5,2015,292.40878
2015-05-09 17:00:00,20,5,5,2015,289.09616
2015-05-09 18:00:00,21,5,5,2015,288.97577
2015-05-09 19:00:00,22,5,5,2015,288.61856
2015-05-09 20:00:00,23,5,5,2015,286.12875
2015-05-09 21:00:00,0,6,5,2015,285.80392
2015-05-09 22:00:00,1,6,5,2015,284.25717
2015-05-09 23:00:00,2,6,5,2015,284.12402
2015-05-10 00:00:00,3,6,5,2015,284.11227
2015-05-10 01:00:00,4,6,5,2015,283.87985
2015-05-10 02:00:00,5,6,5,2015,283.35632
2015-05-10 03:00:00,6,6,5,2015,283.55283
2015-05-10 04:00:00,7,6,5,2015,283.47122
2015-05-10 05:00:00,8,6,5,2015,286.10974
2015-05-10 06:00:00,9,6,5,2015,286.42456
2015-05-10 07:00:00,10,6,5,2015,287.29724
2015-05-10 08:00:00,11,6,5,2015,290.9115
2015-05-10 09:00:00,12,6,5,2015,291.2233
2015-05-10 10:00:00,13,6,5,2015,291.56137
2015-05-10 11:00:00,14,6,5,2015,291.18027
2015-05-10 12:00:00,15,6,5,2015,291.70358
2015-05-10 13:00:00,16,6,5,2015,292.00208
2015-05-10 14:00:00,17,6,5,2015,291.6556
2015-05-10 15:00:00,18,6,5,2015,291.25754
2015-05-10 16:00:00,19,6,5,2015,291.0477
2015-05-10 17:00:00,20,6,5,2015,288.38303
2015-05-10 18:00:00,21,6,5,2015,287.67786
2015-05-10 19:00:00,22,6,5,2015,287.84607
2015-05-10 20:00:00,23,6,5,2015,286.07077
2015-05-10 21:00:00,0,0,5,2015,285.82132
2015-05-10 22:00:00,1,0,5,2015,284.95456
2015-05-10 23:00:00,2,0,5,2015,284.9252
2015-05-11 00:00:00,3,0,5,2015,284.7225
2015-05-11 01:00:00,4,0,5,2015,284.67972
2015-05-11 02:00:00,5,0,5,2015,283.9693
2015-05-11 03:00:00,6,0,5,2015,283.85828
2015-05-11 04:00:00,7,0,5,2015,284.20447
2015-05-11 05:00:00,8,0,5,2015,285.67224
2015-05-11 06:00:00,9,0,5,2015,286.10443
2015-05-11 07:00:00,10,0,5,2015,286.0968
2015-05-11 08:00:00,11,0,5,2015,288.49338
2015-05-11 09:00:00,12,0,5,2015,288.1
2015-05-11 10:00:00,13,0,5,2015,288.55923
2015-05-11 11:00:00,14,0,5,2015,288.79086
2015-05-11 12:00:00,15,0,5,2015,288.27863
2015-05-11 13:00:00,16,0,5,2015,288.10855
2015-05-11 14:00:00,17,0,5,2015,288.43958
2015-05-11 15:00:00,18,0,5,2015,288.69766
2015-05-11 16:00:00,19,0,5,2015,288.79446
2015-05-11 17:00:00,20,0,5,2015,286.48978
2015-05-11 18:00:00,21,0,5,2015,286.26178
2015-05-11 19:00:00,22,0,5,2015,286.09973
2015-05-11 20:00:00,23,0,5,2015,284.5579
2015-05-11 21:00:00,0,1,5,2015,284.4691
2015-05-11 22:00:00,1,1,5,2015,283.70422
2015-05-11 23:00:00,2,1,5,2015,283.7918
2015-05-12 00:00:00,3,1,5,2015,283.85434
2015-05-12 01:00:00,4,1,5,2015,283.45572
2015-05-12 02:00:00,5,1,5,2015,282.13394
2015-05-12 03:00:00,6,1,5,2015,282.0906
2015-05-12 04:00:00,7,1,5,2015,282.40634
2015-05-12 05:00:00,8,1,5,2015,285.3402
2015-05-12 06:00:00,9,1,5,2015,285.9162
2015-05-12 07:00:00,10,1,5,2015,286.6145
2015-05-12 08:00:00,11,1,5,2015,290.765
2015-05-12 09:00:00,12,1,5,2015,290.8372
2015-05-12 10:00:00,13,1,5,2015,292.95004
2015-05-12 11:00:00,14,1,5,2015,293.20367
2015-05-12 12:00:00,15,1,5,2015,293.10187
2015-05-12 13:00:00,16,1,5,2015,293.14206
2015-05-12 14:00:00,17,1,5,2015,293.29498
2015-05-12 15:00:00,18,1,5,2015,292.86633
2015-05-12 16:00:00,19,1,5,2015,292.72238
2015-05-12 17:00:00,20,1,5,2015,289.50418
2015-05-12 18:00:00,21,1,5,2015,289.1738
2015-05-12 19:00:00,22,1,5,2015,289.1454
2015-05-12 20:00:00,23,1,5,2015,286.42587
2015-05-12 21:00:00,0,2,5,2015,286.017
2015-05-12 22:00:00,1,2,5,2015,284.25247
2015-05-12 23:00:00,2,2,5,2015,284.28467
2015-05-13 00:00:00,3,2,5,2015,283.95633
2015-05-13 01:00:00,4,2,5,2015,283.9922
2015-05-13 02:00:00,5,2,5,2015,282.84763
2015-05-13 03:00:00,6,2,5,2015,283.37573
2015-05-13 04:00:00,7,2,5,2015,282.7548
2015-05-13 05:00:00,8,2,5,2015,286.32654
2015-05-13 06:00:00,9,2,5,2015,286.6746
2015-05-13 07:00:00,10,2,5,2015,287.15793
2015-05-13 08:00:00,11,2,5,2015,292.3921
2015-05-13 09:00:00,12,2,5,2015,292.63138
2015-05-13 10:00:00,13,2,5,2015,295.08615
2015-05-13 11:00:00,14,2,5,2015,295.16476
2015-05-13 12:00:00,15,2,5,2015,295.3437
2015-05-13 13:00:00,16,2,5,2015,295.4127
2015-05-13 14:00:00,17,2,5,2015,295.9968
2015-05-13 15:00:00,18,2,5,2015,295.9511
2015-05-13 16:00:00,19,2,5,2015,295.87695
2015-05-13 17:00:00,20,2,5,2015,291.80777
2015-05-13 18:00:00,21,2,5,2015,291.2359
2015-05-13 19:00:00,22,2,5,2015,291.2909
2015-05-13 20:00:00,23,2,5,2015,287.9629
2015-05-13 21:00:00,0,3,5,2015,287.29694
2015-05-13 22:00:00,1,3,5,2015,285.11984
2015-05-13 23:00:00,2,3,5,2015,284.6475
2015-05-14 00:00:00,3,3,5,2015,284.32245
2015-05-14 01:00:00,4,3,5,2015,284.0961
2015-05-14 02:00:00,5,3,5,2015,282.76328
2015-05-14 03:00:00,6,3,5,2015,282.81165
2015-05-14 04:00:00,7,3,5,2015,283.2865
2015-05-14 05:00:00,8,3,5,2015,287.8447
2015-05-14 06:00:00,9,3,5,2015,288.26498
2015-05-14 07:00:00,10,3,5,2015,288.99533
2015-05-14 08:00:00,11,3,5,2015,294.12167
2015-05-14 09:00:00,12,3,5,2015,294.50143
2015-05-14 10:00:00,13,3,5,2015,297.13498
2015-05-14 11:00:00,14,3,5,2015,297.19406
2015-05-14 12:00:00,15,3,5,2015,297.3562
2015-05-14 13:00:00,16,3,5,2015,297.23596
2015-05-14 14:00:00,17,3,5,2015,297.1147
2015-05-14 15:00:00,18,3,5,2015,297.6737
2015-05-14 16:00:00,19,3,5,2015,297.57687
2015-05-14 17:00:00,20,3,5,2015,293.44968
2015-05-14 18:00:00,21,3,5,2015,292.8179
2015-05-14 19:00:00,22,3,5,2015,292.42435
2015-05-14 20:00:00,23,3,5,2015,289.65167
2015-05-14 21:00:00,0,4,5,2015,288.81036
2015-05-14 22:00:00,1,4,5,2015,287.65244
2015-05-14 23:00:00,2,4,5,2015,287.46613
2015-05-15 00:00:00,3,4,5,2015,287.1511
2015-05-15 01:00:00,4,4,5,2015,287.07053
2015-05-15 02:00:00,5,4,5,2015,285.70062
2015-05-15 03:00:00,6,4,5,2015,285.81335
2015-05-15 04:00:00,7,4,5,2015,286.2586
2015-05-15 05:00:00,8,4,5,2015,289.358
2015-05-15 06:00:00,9,4,5,2015,289.77338
2015-05-15 07:00:00,10,4,5,2015,290.24612
2015-05-15 08:00:00,11,4,5,2015,294.58234
2015-05-15 09:00:00,12,4,5,2015,294.95108
2015-05-15 10:00:00,13,4,5,2015,296.2887
2015-05-15 11:00:00,14,4,5,2015,296.44318
2015-05-15 12:00:00,15,4,5,2015,296.86853
2015-05-15 13:00:00,16,4,5,2015,296.89316
2015-05-15 14:00:00,17,4,5,2015,296.32428
2015-05-15 15:00:00,18,4,5,2015,295.6991
2015-05-15 16:00:00,19,4,5,2015,295.41888
2015-05-15 17:00:00,20,4,5,2015,293.26187
2015-05-15 18:00:00,21,4,5,2015,292.5776
2015-05-15 19:00:00,22,4,5,2015,291.73508
2015-05-15 20:00:00,23,4,5,2015,289.8846
2015-05-15 21:00:00,0,5,5,2015,289.42004
2015-05-15 22:00:00,1,5,5,2015,288.6009
2015-05-15 23:00:00,2,5,5,2015,288.68112
2015-05-16 00:00:00,3,5,5,2015,288.9893
2015-05-16 01:00:00,4,5,5,2015,288.5792
2015-05-16 02:00:00,5,5,5,2015,287.61548
2015-05-16 03:00:00,6,5,5,2015,287.90015
2015-05-16 04:00:00,7,5,5,2015,287.70032
2015-05-16 05:00:00,8,5,5,2015,289.82495
2015-05-16 06:00:00,9,5,5,2015,290.1867
2015-05-16 07:00:00,10,5,5,2015,290.8375
2015-05-16 08:00:00,11,5,5,2015,294.2372
2015-05-16 09:00:00,12,5,5,2015,294.50784
2015-05-16 10:00:00,13,5,5,2015,296.84863
2015-05-16 11:00:00,14,5,5,2015,297.05896
2015-05-16 12:00:00,15,5,5,2015,297.11426
2015-05-16 13:00:00,16,5,5,2015,297.16727
2015-05-16 14:00:00,17,5,5,2015,296.97763
2015-05-16 15:00:00,18,5,5,2015,296.6997
2015-05-16 16:00:00,19,5,5,2015,296.4361
2015-05-16 17:00:00,20,5,5,2015,293.91873
2015-05-16 18:00:00,21,5,5,2015,293.33826
2015-05-16 19:00:00,22,5,5,2015,292.8446
2015-05-16 20:00:00,23,5,5,2015,290.02588
2015-05-16 21:00:00,0,6,5,2015,289.7918
2015-05-16 22:00:00,1,6,5,2015,288.948
2015-05-16 23:00:00,2,6,5,2015,288.57028
2015-05-17 00:00:00,3,6,5,2015,288.40048
2015-05-17 01:00:00,4,6,5,2015,288.16168
2015-05-17 02:00:00,5,6,5,2015,287.08292
2015-05-17 03:00:00,6,6,5,2015,287.3739
2015-05-17 04:00:00,7,6,5,2015,287.6427
2015-05-17 05:00:00,8,6,5,2015,290.0713
2015-05-17 06:00:00,9,6,5,2015,290.03314
2015-05-17 07:00:00,10,6,5,2015,290.52917
2015-05-17 08:00:00,11,6,5,2015,294.86716
2015-05-17 09:00:00,12,6,5,2015,295.0783
2015-05-17 10:00:00,13,6,5,2015,296.97858
2015-05-17 11:00:00,14,6,5,2015,296.91943
2015-05-17 12:00:00,15,6,5,2015,296.86377
2015-05-17 13:00:00,16,6,5,2015,296.66748
2015-05-17 14:00:00,17,6,5,2015,296.78702
2015-05-17 15:00:00,18,6,5,2015,296.36584
2015-05-17 16:00:00,19,6,5,2015,296.07712
2015-05-17 17:00:00,20,6,5,2015,293.1461
2015-05-17 18:00:00,21,6,5,2015,292.85623
2015-05-17 19:00:00,22,6,5,2015,292.94974
2015-05-17 20:00:00,23,6,5,2015,290.13223
2015-05-17 21:00:00,0,0,5,2015,290.37674
2015-05-17 22:00:00,1,0,5,2015,288.22873
2015-05-17 23:00:00,2,0,5,2015,288.20044
2015-05-18 00:00:00,3,0,5,2015,287.86163
2015-05-18 01:00:00,4,0,5,2015,287.70978
2015-05-18 02:00:00,5,0,5,2015,286.53876
2015-05-18 03:00:00,6,0,5,2015,286.30078
2015-05-18 04:00:00,7,0,5,2015,286.5287
2015-05-18 05:00:00,8,0,5,2015,289.3948
2015-05-18 06:00:00,9,0,5,2015,289.85336
2015-05-18 07:00:00,10,0,5,2015,290.5531
2015-05-18 08:00:00,11,0,5,2015,294.9105
2015-05-18 09:00:00,12,0,5,2015,295.20804
2015-05-18 10:00:00,13,0,5,2015,297.19162
2015-05-18 11:00:00,14,0,5,2015,297.10678
2015-05-18 12:00:00,15,0,5,2015,296.91187
2015-05-18 13:00:00,16,0,5,2015,296.2315
2015-05-18 14:00:00,17,0,5,2015,296.27676
2015-05-18 15:00:00,18,0,5,2015,296.4984
2015-05-18 16:00:00,19,0,5,2015,296.74136
2015-05-18 17:00:00,20,0,5,2015,293.29254
2015-05-18 18:00:00,21,0,5,2015,292.98315
2015-05-18 19:00:00,22,0,5,2015,292.40274
2015-05-18 20:00:00,23,0,5,2015,289.11893
2015-05-18 21:00:00,0,1,5,2015,288.83005
2015-05-18 22:00:00,1,1,5,2015,287.08856
2015-05-18 23:00:00,2,1,5,2015,287.34592
2015-05-19 00:00:00,3,1,5,2015,287.3121
2015-05-19 01:00:00,4,1,5,2015,287.41696
2015-05-19 02:00:00,5,1,5,2015,286.37216
2015-05-19 03:00:00,6,1,5,2015,286.57697
2015-05-19 04:00:00,7,1,5,2015,286.63135
2015-05-19 05:00:00,8,1,5,2015,290.46475
2015-05-19 06:00:00,9,1,5,2015,290.6693
2015-05-19 07:00:00,10,1,5,2015,291.27148
2015-05-19 08:00:00,11,1,5,2015,295.9499
2015-05-19 09:00:00,12,1,5,2015,295.99066
2015-05-19 10:00:00,13,1,5,2015,298.13824
2015-05-19 11:00:00,14,1,5,2015,298.14465
2015-05-19 12:00:00,15,1,5,2015,297.95718
2015-05-19 13:00:00,16,1,5,2015,297.99164
2015-05-19 14:00:00,17,1,5,2015,297.57126
2015-05-19 15:00:00,18,1,5,2015,297.55212
2015-05-19 16:00:00,19,1,5,2015,297.28796
2015-05-19 17:00:00,20,1,5,2015,293.1118
2015-05-19 18:00:00,21,1,5,2015,292.15723
2015-05-19 19:00:00,22,1,5,2015,292.00156
2015-05-19 20:00:00,23,1,5,2015,289.35025
2015-05-19 21:00:00,0,2,5,2015,288.97775
2015-05-19 22:00:00,1,2,5,2015,287.68723
2015-05-19 23:00:00,2,2,5,2015,287.50046
2015-05-20 00:00:00,3,2,5,2015,287.3806
2015-05-20 01:00:00,4,2,5,2015,287.06824
2015-05-20 02:00:00,5,2,5,2015,285.7517
2015-05-20 03:00:00,6,2,5,2015,285.90152
2015-05-20 04:00:00,7,2,5,2015,286.51022
2015-05-20 05:00:00,8,2,5,2015,289.67157
2015-05-20 06:00:00,9,2,5,2015,290.17218
2015-05-20 07:00:00,10,2,5,2015,290.6997
2015-05-20 08:00:00,11,2,5,2015,294.36172
2015-05-20 09:00:00,12,2,5,2015,294.70398
2015-05-20 10:00:00,13,2,5,2015,296.0739
2015-05-20 11:00:00,14,2,5,2015,295.1422
2015-05-20 12:00:00,15,2,5,2015,295.215
2015-05-20 13:00:00,16,2,5,2015,295.65225
2015-05-20 14:00:00,17,2,5,2015,295.72107
2015-05-20 15:00:00,18,2,5,2015,295.25882
2015-05-20 16:00:00,19,2,5,2015,294.9981
2015-05-20 17:00:00,20,2,5,2015,292.5168
2015-05-20 18:00:00,21,2,5,2015,291.59302
2015-05-20 19:00:00,22,2,5,2015,291.56076
2015-05-20 20:00:00,23,2,5,2015,288.66956
2015-05-20 21:00:00,0,3,5,2015,288.28305
2015-05-20 22:00:00,1,3,5,2015,286.89365
2015-05-20 23:00:00,2,3,5,2015,286.97275
2015-05-21 00:00:00,3,3,5,2015,286.39337
2015-05-21 01:00:00,4,3,5,2015,286.53955
2015-05-21 02:00:00,5,3,5,2015,285.90137
2015-05-21 03:00:00,6,3,5,2015,285.9336
2015-05-21 04:00:00,7,3,5,2015,286.02637
2015-05-21 05:00:00,8,3,5,2015,289.49207
2015-05-21 06:00:00,9,3,5,2015,289.95023
2015-05-21 07:00:00,10,3,5,2015,290.5024
2015-05-21 08:00:00,11,3,5,2015,295.76175
2015-05-21 09:00:00,12,3,5,2015,296.18713
2015-05-21 10:00:00,13,3,5,2015,298.4751
2015-05-21 11:00:00,14,3,5,2015,298.7004
2015-05-21 12:00:00,15,3,5,2015,298.82428
2015-05-21 13:00:00,16,3,5,2015,298.9303
2015-05-21 14:00:00,17,3,5,2015,298.39926
2015-05-21 15:00:00,18,3,5,2015,298.51596
2015-05-21 16:00:00,19,3,5,2015,298.32468
2015-05-21 17:00:00,20,3,5,2015,294.76318
2015-05-21 18:00:00,21,3,5,2015,294.5526
2015-05-21 19:00:00,22,3,5,2015,294.0421
2015-05-21 20:00:00,23,3,5,2015,291.05908
2015-05-21 21:00:00,0,4,5,2015,289.80588
2015-05-21 22:00:00,1,4,5,2015,288.35287
2015-05-21 23:00:00,2,4,5,2015,287.89868
2015-05-22 00:00:00,3,4,5,2015,287.79007
2015-05-22 01:00:00,4,4,5,2015,287.6628
2015-05-22 02:00:00,5,4,5,2015,286.77527
2015-05-22 03:00:00,6,4,5,2015,287.053
2015-05-22 04:00:00,7,4,5,2015,287.1957
2015-05-22 05:00:00,8,4,5,2015,290.20935
2015-05-22 06:00:00,9,4,5,2015,290.8137
2015-05-22 07:00:00,10,4,5,2015,291.27747
2015-05-22 08:00:00,11,4,5,2015,295.13367
2015-05-22 09:00:00,12,4,5,2015,295.37152
2015-05-22 10:00:00,13,4,5,2015,297.42728
2015-05-22 11:00:00,14,4,5,2015,297.29514
2015-05-22 12:00:00,15,4,5,2015,296.3879
2015-05-22 13:00:00,16,4,5,2015,296.43335
2015-05-22 14:00:00,17,4,5,2015,296.53113
2015-05-22 15:00:00,18,4,5,2015,296.50702
2015-05-22 16:00:00,19,4,5,2015,296.24356
2015-05-22 17:00:00,20,4,5,2015,292.94345
2015-05-22 18:00:00,21,4,5,2015,292.73032
2015-05-22 19:00:00,22,4,5,2015,292.83118
2015-05-22 20:00:00,23,4,5,2015,290.6579
2015-05-22 21:00:00,0,5,5,2015,290.34662
2015-05-22 22:00:00,1,5,5,2015,289.03787
2015-05-22 23:00:00,2,5,5,2015,288.86774
2015-05-23 00:00:00,3,5,5,2015,288.77957
2015-05-23 01:00:00,4,5,5,2015,288.6719
2015-05-23 02:00:00,5,5,5,2015,287.5276
2015-05-23 03:00:00,6,5,5,2015,287.47174
2015-05-23 04:00:00,7,5,5,2015,287.92892
2015-05-23 05:00:00,8,5,5,2015,290.66016
2015-05-23 06:00:00,9,5,5,2015,291.17175
2015-05-23 07:00:00,10,5,5,2015,291.73596
2015-05-23 08:00:00,11,5,5,2015,295.32822
2015-05-23 09:00:00,12,5,5,2015,295.58466
2015-05-23 10:00:00,13,5,5,2015,297.74863
2015-05-23 11:00:00,14,5,5,2015,297.5809
2015-05-23 12:00:00,15,5,5,2015,297.16507
2015-05-23 13:00:00,16,5,5,2015,297.41794
2015-05-23 14:00:00,17,5,5,2015,297.77914
2015-05-23 15:00:00,18,5,5,2015,297.4167
2015-05-23 16:00:00,19,5,5,2015,296.4569
2015-05-23 17:00:00,20,5,5,2015,292.8006
2015-05-23 18:00:00,21,5,5,2015,292.89172
2015-05-23 19:00:00,22,5,5,2015,292.07425
2015-05-23 20:00:00,23,5,5,2015,289.79846
2015-05-23 21:00:00,0,6,5,2015,289.81226
2015-05-23 22:00:00,1,6,5,2015,288.6792
2015-05-23 23:00:00,2,6,5,2015,288.70087
2015-05-24 00:00:00,3,6,5,2015,288.56064
2015-05-24 01:00:00,4,6,5,2015,288.50104
2015-05-24 02:00:00,5,6,5,2015,287.36176
2015-05-24 03:00:00,6,6,5,2015,287.4648
2015-05-24 04:00:00,7,6,5,2015,287.0721
2015-05-24 05:00:00,8,6,5,2015,289.74118
2015-05-24 06:00:00,9,6,5,2015,290.33102
2015-05-24 07:00:00,10,6,5,2015,290.81088
2015-05-24 08:00:00,11,6,5,2015,294.5993
2015-05-24 09:00:00,12,6,5,2015,294.76788
2015-05-24 10:00:00,13,6,5,2015,296.6302
2015-05-24 11:00:00,14,6,5,2015,296.66574
2015-05-24 12:00:00,15,6,5,2015,296.6488
2015-05-24 13:00:00,16,6,5,2015,296.59543
2015-05-24 14:00:00,17,6,5,2015,296.22784
2015-05-24 15:00:00,18,6,5,2015,295.47812
2015-05-24 16:00:00,19,6,5,2015,295.37238
2015-05-24 17:00:00,20,6,5,2015,292.21625
2015-05-24 18:00:00,21,6,5,2015,292.28772
2015-05-24 19:00:00,22,6,5,2015,291.82257
2015-05-24 20:00:00,23,6,5,2015,289.10876
2015-05-24 21:00:00,0,0,5,2015,288.48694
2015-05-24 22:00:00,1,0,5,2015,287.66617
2015-05-24 23:00:00,2,0,5,2015,287.5247
2015-05-25 00:00:00,3,0,5,2015,287.3607
2015-05-25 01:00:00,4,0,5,2015,287.4036
2015-05-25 02:00:00,5,0,5,2015,286.78537
2015-05-25 03:00:00,6,0,5,2015,287.00024
2015-05-25 04:00:00,7,0,5,2015,287.0583
2015-05-25 05:00:00,8,0,5,2015,288.82587
2015-05-25 06:00:00,9,0,5,2015,288.87173
2015-05-25 07:00:00,10,0,5,2015,288.91574
2015-05-25 08:00:00,11,0,5,2015,291.16635
2015-05-25 09:00:00,12,0,5,2015,291.1012
2015-05-25 10:00:00,13,0,5,2015,291.69348
2015-05-25 11:00:00,14,0,5,2015,291.68274
2015-05-25 12:00:00,15,0,5,2015,292.05734
2015-05-25 13:00:00,16,0,5,2015,292.9071
2015-05-25 14:00:00,17,0,5,2015,291.8726
2015-05-25 15:00:00,18,0,5,2015,292.5333
2015-05-25 16:00:00,19,0,5,2015,292.6292
2015-05-25 17:00:00,20,0,5,2015,289.85513
2015-05-25 18:00:00,21,0,5,2015,289.55014
2015-05-25 19:00:00,22,0,5,2015,288.92432
2015-05-25 20:00:00,23,0,5,2015,287.06317
2015-05-25 21:00:00,0,1,5,2015,285.94125
2015-05-25 22:00:00,1,1,5,2015,285.11
2015-05-25 23:00:00,2,1,5,2015,285.3832
2015-05-26 00:00:00,3,1,5,2015,284.9234
2015-05-26 01:00:00,4,1,5,2015,285.08975
2015-05-26 02:00:00,5,1,5,2015,284.09775
2015-05-26 03:00:00,6,1,5,2015,284.19077
2015-05-26 04:00:00,7,1,5,2015,285.1471
2015-05-26 05:00:00,8,1,5,2015,287.98373
2015-05-26 06:00:00,9,1,5,2015,288.35757
2015-05-26 07:00:00,10,1,5,2015,288.51727
2015-05-26 08:00:00,11,1,5,2015,292.3811
2015-05-26 09:00:00,12,1,5,2015,292.6656
2015-05-26 10:00:00,13,1,5,2015,293.86615
2015-05-26 11:00:00,14,1,5,2015,294.041
2015-05-26 12:00:00,15,1,5,2015,293.85367
2015-05-26 13:00:00,16,1,5,2015,293.9664
2015-05-26 14:00:00,17,1,5,2015,293.13797
2015-05-26 15:00:00,18,1,5,2015,293.01495
2015-05-26 16:00:00,19,1,5,2015,293.2721
2015-05-26 17:00:00,20,1,5,2015,290.77258
2015-05-26 18:00:00,21,1,5,2015,290.64886
2015-05-26 19:00:00,22,1,5,2015,291.1045
2015-05-26 20:00:00,23,1,5,2015,289.00168
2015-05-26 21:00:00,0,2,5,2015,288.68683
2015-05-26 22:00:00,1,2,5,2015,287.56476
2015-05-26 23:00:00,2,2,5,2015,287.0505
2015-05-27 00:00:00,3,2,5,2015,286.5195
2015-05-27 01:00:00,4,2,5,2015,286.37274
2015-05-27 02:00:00,5,2,5,2015,285.64453
2015-05-27 03:00:00,6,2,5,2015,285.7393
2015-05-27 04:00:00,7,2,5,2015,285.99225
2015-05-27 05:00:00,8,2,5,2015,288.54758
2015-05-27 06:00:00,9,2,5,2015,288.86914
2015-05-27 07:00:00,10,2,5,2015,289.323
2015-05-27 08:00:00,11,2,5,2015,292.09732
2015-05-27 09:00:00,12,2,5,2015,292.41278
2015-05-27 10:00:00,13,2,5,2015,293.07672
2015-05-27 11:00:00,14,2,5,2015,293.42963
2015-05-27 12:00:00,15,2,5,2015,293.3088
2015-05-27 13:00:00,16,2,5,2015,292.7597
2015-05-27 14:00:00,17,2,5,2015,291.3427
2015-05-27 15:00:00,18,2,5,2015,291.40973
2015-05-27 16:00:00,19,2,5,2015,291.27292
2015-05-27 17:00:00,20,2,5,2015,288.233
2015-05-27 18:00:00,21,2,5,2015,288.0597
2015-05-27 19:00:00,22,2,5,2015,287.92444
2015-05-27 20:00:00,23,2,5,2015,286.43768
2015-05-27 21:00:00,0,3,5,2015,285.93726
2015-05-27 22:00:00,1,3,5,2015,284.69763
2015-05-27 23:00:00,2,3,5,2015,284.42767
2015-05-28 00:00:00,3,3,5,2015,283.98703
2015-05-28 01:00:00,4,3,5,2015,283.77405
2015-05-28 02:00:00,5,3,5,2015,283.1726
2015-05-28 03:00:00,6,3,5,2015,283.21954
2015-05-28 04:00:00,7,3,5,2015,283.41333
2015-05-28 05:00:00,8,3,5,2015,284.67038
2015-05-28 06:00:00,9,3,5,2015,284.86377
2015-05-28 07:00:00,10,3,5,2015,285.34534
2015-05-28 08:00:00,11,3,5,2015,287.93784
2015-05-28 09:00:00,12,3,5,2015,288.12033
2015-05-28 10:00:00,13,3,5,2015,288.93738
2015-05-28 11:00:00,14,3,5,2015,288.86948
2015-05-28 12:00:00,15,3,5,2015,288.78284
2015-05-28 13:00:00,16,3,5,2015,288.63303
2015-05-28 14:00:00,17,3,5,2015,288.2126
2015-05-28 15:00:00,18,3,5,2015,288.05377
2015-05-28 16:00:00,19,3,5,2015,288.0356
2015-05-28 17:00:00,20,3,5,2015,286.587
2015-05-28 18:00:00,21,3,5,2015,286.57907
2015-05-28 19:00:00,22,3,5,2015,286.66104
2015-05-28 20:00:00,23,3,5,2015,285.50113
2015-05-28 21:00:00,0,4,5,2015,285.5294
2015-05-28 22:00:00,1,4,5,2015,284.45505
2015-05-28 23:00:00,2,4,5,2015,284.5888
2015-05-29 00:00:00,3,4,5,2015,284.65802
2015-05-29 01:00:00,4,4,5,2015,284.5966
2015-05-29 02:00:00,5,4,5,2015,283.95837
2015-05-29 03:00:00,6,4,5,2015,284.05673
2015-05-29 04:00:00,7,4,5,2015,283.81824
2015-05-29 05:00:00,8,4,5,2015,284.99997
2015-05-29 06:00:00,9,4,5,2015,284.99658
2015-05-29 07:00:00,10,4,5,2015,285.32397
2015-05-29 08:00:00,11,4,5,2015,288.07263
2015-05-29 09:00:00,12,4,5,2015,288.3001
2015-05-29 10:00:00,13,4,5,2015,290.1315
2015-05-29 11:00:00,14,4,5,2015,290.5354
2015-05-29 12:00:00,15,4,5,2015,290.55334
2015-05-29 13:00:00,16,4,5,2015,290.5098
2015-05-29 14:00:00,17,4,5,2015,291.27466
2015-05-29 15:00:00,18,4,5,2015,291.223
2015-05-29 16:00:00,19,4,5,2015,291.14584
2015-05-29 17:00:00,20,4,5,2015,289.01865
2015-05-29 18:00:00,21,4,5,2015,288.93347
2015-05-29 19:00:00,22,4,5,2015,288.63464
2015-05-29 20:00:00,23,4,5,2015,285.18912
2015-05-29 21:00:00,0,5,5,2015,284.27655
2015-05-29 22:00:00,1,5,5,2015,282.74573
2015-05-29 23:00:00,2,5,5,2015,282.79236
2015-05-30 00:00:00,3,5,5,2015,282.40448
2015-05-30 01:00:00,4,5,5,2015,282.3639
2015-05-30 02:00:00,5,5,5,2015,281.3818
2015-05-30 03:00:00,6,5,5,2015,281.86383
2015-05-30 04:00:00,7,5,5,2015,281.82526
2015-05-30 05:00:00,8,5,5,2015,286.18207
2015-05-30 06:00:00,9,5,5,2015,286.6218
2015-05-30 07:00:00,10,5,5,2015,287.0876
2015-05-30 08:00:00,11,5,5,2015,291.82062
2015-05-30 09:00:00,12,5,5,2015,292.13898
2015-05-30 10:00:00,13,5,5,2015,294.5742
2015-05-30 11:00:00,14,5,5,2015,294.74536
2015-05-30 12:00:00,15,5,5,2015,295.00134
2015-05-30 13:00:00,16,5,5,2015,295.0442
2015-05-30 14:00:00,17,5,5,2015,295.70795
2015-05-30 15:00:00,18,5,5,2015,295.5602
2015-05-30 16:00:00,19,5,5,2015,295.5655
2015-05-30 17:00:00,20,5,5,2015,292.4871
2015-05-30 18:00:00,21,5,5,2015,291.79633
2015-05-30 19:00:00,22,5,5,2015,291.287
2015-05-30 20:00:00,23,5,5,2015,287.73254
2015-05-30 21:00:00,0,6,5,2015,287.60614
2015-05-30 22:00:00,1,6,5,2015,286.15543
2015-05-30 23:00:00,2,6,5,2015,286.13147
2015-05-31 00:00:00,3,6,5,2015,285.67664
2015-05-31 01:00:00,4,6,5,2015,285.21103
2015-05-31 02:00:00,5,6,5,2015,283.95642
2015-05-31 03:00:00,6,6,5,2015,284.20547
2015-05-31 04:00:00,7,6,5,2015,283.84238
2015-05-31 05:00:00,8,6,5,2015,288.3273
2015-05-31 06:00:00,9,6,5,2015,288.75134
2015-05-31 07:00:00,10,6,5,2015,289.31076
2015-05-31 08:00:00,11,6,5,2015,294.5596
2015-05-31 09:00:00,12,6,5,2015,294.7196
2015-05-31 10:00:00,13,6,5,2015,296.84204
2015-05-31 11:00:00,14,6,5,2015,296.91864
2015-05-31 12:00:00,15,6,5,2015,296.8993
2015-05-31 13:00:00,16,6,5,2015,296.9231
2015-05-31 14:00:00,17,6,5,2015,297.07172
2015-05-31 15:00:00,18,6,5,2015,296.9188
2015-05-31 16:00:00,19,6,5,2015,296.75345
2015-05-31 17:00:00,20,6,5,2015,293.06918
2015-05-31 18:00:00,21,6,5,2015,291.67783
2015-05-31 19:00:00,22,6,5,2015,291.50363
2015-05-31 20:00:00,23,6,5,2015,288.15427
2015-05-31 21:00:00,0,0,6,2015,287.54263
2015-05-31 22:00:00,1,0,6,2015,285.6907
2015-05-31 23:00:00,2,0,6,2015,285.31027
2015-06-01 00:00:00,3,0,6,2015,284.96942
2015-06-01 01:00:00,4,0,6,2015,284.68213
2015-06-01 02:00:00,5,0,6,2015,283.58597
2015-06-01 03:00:00,6,0,6,2015,284.01373
2015-06-01 04:00:00,7,0,6,2015,284.38885
2015-06-01 05:00:00,8,0,6,2015,289.13104
2015-06-01 06:00:00,9,0,6,2015,289.77933
2015-06-01 07:00:00,10,0,6,2015,290.3363
2015-06-01 08:00:00,11,0,6,2015,295.38016
2015-06-01 09:00:00,12,0,6,2015,295.5494
2015-06-01 10:00:00,13,0,6,2015,297.3597
2015-06-01 11:00:00,14,0,6,2015,297.2748
2015-06-01 12:00:00,15,0,6,2015,297.26907
2015-06-01 13:00:00,16,0,6,2015,297.68005
2015-06-01 14:00:00,17,0,6,2015,297.40375
2015-06-01 15:00:00,18,0,6,2015,297.3956
2015-06-01 16:00:00,19,0,6,2015,297.30133
2015-06-01 17:00:00,20,0,6,2015,293.67273
2015-06-01 18:00:00,21,0,6,2015,293.19153
2015-06-01 19:00:00,22,0,6,2015,292.75943
2015-06-01 20:00:00,23,0,6,2015,288.831
2015-06-01 21:00:00,0,1,6,2015,287.85486
2015-06-01 22:00:00,1,1,6,2015,285.18176
2015-06-01 23:00:00,2,1,6,2015,284.86237
2015-06-02 00:00:00,3,1,6,2015,284.59955
2015-06-02 01:00:00,4,1,6,2015,284.41922
2015-06-02 02:00:00,5,1,6,2015,283.1815
2015-06-02 03:00:00,6,1,6,2015,283.63562
2015-06-02 04:00:00,7,1,6,2015,284.59558
2015-06-02 05:00:00,8,1,6,2015,289.55258
2015-06-02 06:00:00,9,1,6,2015,290.1114
2015-06-02 07:00:00,10,1,6,2015,290.6102
2015-06-02 08:00:00,11,1,6,2015,295.9438
2015-06-02 09:00:00,12,1,6,2015,296.14157
2015-06-02 10:00:00,13,1,6,2015,297.9881
2015-06-02 11:00:00,14,1,6,2015,298.0342
2015-06-02 12:00:00,15,1,6,2015,298.1162
2015-06-02 13:00:00,16,1,6,2015,298.1283
2015-06-02 14:00:00,17,1,6,2015,298.13147
2015-06-02 15:00:00,18,1,6,2015,298.04315
2015-06-02 16:00:00,19,1,6,2015,297.98123
2015-06-02 17:00:00,20,1,6,2015,294.70236
2015-06-02 18:00:00,21,1,6,2015,293.88748
2015-06-02 19:00:00,22,1,6,2015,294.28836
2015-06-02 20:00:00,23,1,6,2015,289.88986
2015-06-02 21:00:00,0,2,6,2015,289.18097
2015-06-02 22:00:00,1,2,6,2015,286.23572
2015-06-02 23:00:00,2,2,6,2015,285.80676
2015-06-03 00:00:00,3,2,6,2015,285.4954
2015-06-03 01:00:00,4,2,6,2015,285.54987
2015-06-03 02:00:00,5,2,6,2015,284.45645
2015-06-03 03:00:00,6,2,6,2015,285.00284
2015-06-03 04:00:00,7,2,6,2015,285.53082
2015-06-03 05:00:00,8,2,6,2015,290.3374
2015-06-03 06:00:00,9,2,6,2015,291.06873
2015-06-03 07:00:00,10,2,6,2015,291.93018
2015-06-03 08:00:00,11,2,6,2015,297.16528
2015-06-03 09:00:00,12,2,6,2015,297.43686
2015-06-03 10:00:00,13,2,6,2015,299.19992
2015-06-03 11:00:00,14,2,6,2015,299.40494
2015-06-03 12:00:00,15,2,6,2015,299.3779
2015-06-03 13:00:00,16,2,6,2015,299.58176
2015-06-03 14:00:00,17,2,6,2015,298.4326
2015-06-03 15:00:00,18,2,6,2015,298.4575
2015-06-03 16:00:00,19,2,6,2015,298.35226
2015-06-03 17:00:00,20,2,6,2015,294.40228
2015-06-03 18:00:00,21,2,6,2015,293.78674
2015-06-03 19:00:00,22,2,6,2015,293.865
2015-06-03 20:00:00,23,2,6,2015,291.02798
2015-06-03 21:00:00,0,3,6,2015,291.01828
2015-06-03 22:00:00,1,3,6,2015,288.8703
2015-06-03 23:00:00,2,3,6,2015,288.79388
2015-06-04 00:00:00,3,3,6,2015,288.61038
2015-06-04 01:00:00,4,3,6,2015,288.63705
2015-06-04 02:00:00,5,3,6,2015,287.41937
2015-06-04 03:00:00,6,3,6,2015,287.78824
2015-06-04 04:00:00,7,3,6,2015,287.5745
2015-06-04 05:00:00,8,3,6,2015,291.75082
2015-06-04 06:00:00,9,3,6,2015,292.31802
2015-06-04 07:00:00,10,3,6,2015,293.0662
2015-06-04 08:00:00,11,3,6,2015,297.95062
2015-06-04 09:00:00,12,3,6,2015,298.38327
2015-06-04 10:00:00,13,3,6,2015,299.69946
2015-06-04 11:00:00,14,3,6,2015,300.04874
2015-06-04 12:00:00,15,3,6,2015,299.60556
2015-06-04 13:00:00,16,3,6,2015,298.99286
2015-06-04 14:00:00,17,3,6,2015,297.4737
2015-06-04 15:00:00,18,3,6,2015,297.39197
2015-06-04 16:00:00,19,3,6,2015,297.27698
2015-06-04 17:00:00,20,3,6,2015,293.38226
2015-06-04 18:00:00,21,3,6,2015,292.7701
2015-06-04 19:00:00,22,3,6,2015,292.97803
2015-06-04 20:00:00,23,3,6,2015,290.47287
2015-06-04 21:00:00,0,4,6,2015,290.3464
2015-06-04 22:00:00,1,4,6,2015,289.36194
2015-06-04 23:00:00,2,4,6,2015,289.11755
2015-06-05 00:00:00,3,4,6,2015,289.11707
2015-06-05 01:00:00,4,4,6,2015,288.59985
2015-06-05 02:00:00,5,4,6,2015,288.13403
2015-06-05 03:00:00,6,4,6,2015,288.42822
2015-06-05 04:00:00,7,4,6,2015,288.81274
2015-06-05 05:00:00,8,4,6,2015,290.5769
2015-06-05 06:00:00,9,4,6,2015,290.56503
2015-06-05 07:00:00,10,4,6,2015,290.9386
2015-06-05 08:00:00,11,4,6,2015,293.39932
2015-06-05 09:00:00,12,4,6,2015,292.98508
2015-06-05 10:00:00,13,4,6,2015,294.45557
2015-06-05 11:00:00,14,4,6,2015,294.1026
2015-06-05 12:00:00,15,4,6,2015,293.33337
2015-06-05 13:00:00,16,4,6,2015,293.64273
2015-06-05 14:00:00,17,4,6,2015,294.30704
2015-06-05 15:00:00,18,4,6,2015,294.5464
2015-06-05 16:00:00,19,4,6,2015,294.33954
2015-06-05 17:00:00,20,4,6,2015,292.25916
2015-06-05 18:00:00,21,4,6,2015,292.2187
2015-06-05 19:00:00,22,4,6,2015,292.02844
2015-06-05 20:00:00,23,4,6,2015,289.64258
2015-06-05 21:00:00,0,5,6,2015,289.31223
2015-06-05 22:00:00,1,5,6,2015,288.28357
2015-06-05 23:00:00,2,5,6,2015,288.37164
2015-06-06 00:00:00,3,5,6,2015,288.13748
2015-06-06 01:00:00,4,5,6,2015,288.13794
2015-06-06 02:00:00,5,5,6,2015,287.11176
2015-06-06 03:00:00,6,5,6,2015,287.7929
2015-06-06 04:00:00,7,5,6,2015,287.84
2015-06-06 05:00:00,8,5,6,2015,290.50757
2015-06-06 06:00:00,9,5,6,2015,290.8866
2015-06-06 07:00:00,10,5,6,2015,291.31946
2015-06-06 08:00:00,11,5,6,2015,294.99255
2015-06-06 09:00:00,12,5,6,2015,295.16092
2015-06-06 10:00:00,13,5,6,2015,296.59146
2015-06-06 11:00:00,14,5,6,2015,296.388
2015-06-06 12:00:00,15,5,6,2015,296.6193
2015-06-06 13:00:00,16,5,6,2015,296.74808
2015-06-06 14:00:00,17,5,6,2015,297.00354
2015-06-06 15:00:00,18,5,6,2015,296.32788
2015-06-06 16:00:00,19,5,6,2015,296.32266
2015-06-06 17:00:00,20,5,6,2015,293.76657
2015-06-06 18:00:00,21,5,6,2015,293.24652
2015-06-06 19:00:00,22,5,6,2015,292.99384
2015-06-06 20:00:00,23,5,6,2015,289.30066
2015-06-06 21:00:00,0,6,6,2015,288.826
2015-06-06 22:00:00,1,6,6,2015,286.75525
2015-06-06 23:00:00,2,6,6,2015,286.73767
2015-06-07 00:00:00,3,6,6,2015,286.6092
2015-06-07 01:00:00,4,6,6,2015,286.60394
2015-06-07 02:00:00,5,6,6,2015,285.55914
2015-06-07 03:00:00,6,6,6,2015,285.99643
2015-06-07 04:00:00,7,6,6,2015,286.191
2015-06-07 05:00:00,8,6,6,2015,290.50375
2015-06-07 06:00:00,9,6,6,2015,290.9827
2015-06-07 07:00:00,10,6,6,2015,291.39053
2015-06-07 08:00:00,11,6,6,2015,295.58554
2015-06-07 09:00:00,12,6,6,2015,295.74854
2015-06-07 10:00:00,13,6,6,2015,297.25647
2015-06-07 11:00:00,14,6,6,2015,297.28436
2015-06-07 12:00:00,15,6,6,2015,297.30133
2015-06-07 13:00:00,16,6,6,2015,297.37143
2015-06-07 14:00:00,17,6,6,2015,297.0626
2015-06-07 15:00:00,18,6,6,2015,296.91455
2015-06-07 16:00:00,19,6,6,2015,296.75522
2015-06-07 17:00:00,20,6,6,2015,293.54388
2015-06-07 18:00:00,21,6,6,2015,293.14383
2015-06-07 19:00:00,22,6,6,2015,292.81558
2015-06-07 20:00:00,23,6,6,2015,288.8382
2015-06-07 21:00:00,0,0,6,2015,288.33093
2015-06-07 22:00:00,1,0,6,2015,286.74008
2015-06-07 23:00:00,2,0,6,2015,286.47665
2015-06-08 00:00:00,3,0,6,2015,286.54758
2015-06-08 01:00:00,4,0,6,2015,286.2059
2015-06-08 02:00:00,5,0,6,2015,284.89392
2015-06-08 03:00:00,6,0,6,2015,285.29294
2015-06-08 04:00:00,7,0,6,2015,285.6218
2015-06-08 05:00:00,8,0,6,2015,289.46158
2015-06-08 06:00:00,9,0,6,2015,290.18356
2015-06-08 07:00:00,10,0,6,2015,290.47687
2015-06-08 08:00:00,11,0,6,2015,294.4679
2015-06-08 09:00:00,12,0,6,2015,294.47156
2015-06-08 10:00:00,13,0,6,2015,296.43823
2015-06-08 11:00:00,14,0,6,2015,296.62558
2015-06-08 12:00:00,15,0,6,2015,296.65787
2015-06-08 13:00:00,16,0,6,2015,296.8173
2015-06-08 14:00:00,17,0,6,2015,296.87134
2015-06-08 15:00:00,18,0,6,2015,296.56732
2015-06-08 16:00:00,19,0,6,2015,296.14377
2015-06-08 17:00:00,20,0,6,2015,293.41272
2015-06-08 18:00:00,21,0,6,2015,292.71063
2015-06-08 19:00:00,22,0,6,2015,291.8949
2015-06-08 20:00:00,23,0,6,2015,288.45465
2015-06-08 21:00:00,0,1,6,2015,288.19232
2015-06-08 22:00:00,1,1,6,2015,286.0299
2015-06-08 23:00:00,2,1,6,2015,285.65314
2015-06-09 00:00:00,3,1,6,2015,285.72095
2015-06-09 01:00:00,4,1,6,2015,285.90216
2015-06-09 02:00:00,5,1,6,2015,284.7917
2015-06-09 03:00:00,6,1,6,2015,285.1255
2015-06-09 04:00:00,7,1,6,2015,285.44403
2015-06-09 05:00:00,8,1,6,2015,289.5724
2015-06-09 06:00:00,9,1,6,2015,290.21844
2015-06-09 07:00:00,10,1,6,2015,290.49826
2015-06-09 08:00:00,11,1,6,2015,295.2179
2015-06-09 09:00:00,12,1,6,2015,295.26608
2015-06-09 10:00:00,13,1,6,2015,296.92776
2015-06-09 11:00:00,14,1,6,2015,297.01257
2015-06-09 12:00:00,15,1,6,2015,297.24286
2015-06-09 13:00:00,16,1,6,2015,297.07748
2015-06-09 14:00:00,17,1,6,2015,296.4598
2015-06-09 15:00:00,18,1,6,2015,296.45795
2015-06-09 16:00:00,19,1,6,2015,296.38855
2015-06-09 17:00:00,20,1,6,2015,293.80344
2015-06-09 18:00:00,21,1,6,2015,293.4193
2015-06-09 19:00:00,22,1,6,2015,293.52347
2015-06-09 20:00:00,23,1,6,2015,291.17737
2015-06-09 21:00:00,0,2,6,2015,291.25793
2015-06-09 22:00:00,1,2,6,2015,289.45682
2015-06-09 23:00:00,2,2,6,2015,289.33594
2015-06-10 00:00:00,3,2,6,2015,289.35645
2015-06-10 01:00:00,4,2,6,2015,289.49582
2015-06-10 02:00:00,5,2,6,2015,288.3746
2015-06-10 03:00:00,6,2,6,2015,288.4233
2015-06-10 04:00:00,7,2,6,2015,287.99475
2015-06-10 05:00:00,8,2,6,2015,290.98218
2015-06-10 06:00:00,9,2,6,2015,291.5519
2015-06-10 07:00:00,10,2,6,2015,291.9207
2015-06-10 08:00:00,11,2,6,2015,295.79578
2015-06-10 09:00:00,12,2,6,2015,296.11154
2015-06-10 10:00:00,13,2,6,2015,297.2855
2015-06-10 11:00:00,14,2,6,2015,298.2389
2015-06-10 12:00:00,15,2,6,2015,297.8845
2015-06-10 13:00:00,16,2,6,2015,296.75546
2015-06-10 14:00:00,17,2,6,2015,294.686
2015-06-10 15:00:00,18,2,6,2015,294.037
2015-06-10 16:00:00,19,2,6,2015,294.61203
2015-06-10 17:00:00,20,2,6,2015,292.1287
2015-06-10 18:00:00,21,2,6,2015,291.32245
2015-06-10 19:00:00,22,2,6,2015,291.06845
2015-06-10 20:00:00,23,2,6,2015,289.44922
2015-06-10 21:00:00,0,3,6,2015,289.51013
2015-06-10 22:00:00,1,3,6,2015,288.20886
2015-06-10 23:00:00,2,3,6,2015,288.1541
2015-06-11 00:00:00,3,3,6,2015,288.0824
2015-06-11 01:00:00,4,3,6,2015,288.19107
2015-06-11 02:00:00,5,3,6,2015,287.06415
2015-06-11 03:00:00,6,3,6,2015,287.60342
2015-06-11 04:00:00,7,3,6,2015,287.70602
2015-06-11 05:00:00,8,3,6,2015,291.0518
2015-06-11 06:00:00,9,3,6,2015,291.67056
2015-06-11 07:00:00,10,3,6,2015,292.12122
2015-06-11 08:00:00,11,3,6,2015,296.4652
2015-06-11 09:00:00,12,3,6,2015,296.8156
2015-06-11 10:00:00,13,3,6,2015,297.8166
2015-06-11 11:00:00,14,3,6,2015,298.18115
2015-06-11 12:00:00,15,3,6,2015,297.93057
2015-06-11 13:00:00,16,3,6,2015,298.2537
2015-06-11 14:00:00,17,3,6,2015,297.87308
2015-06-11 15:00:00,18,3,6,2015,297.3064
2015-06-11 16:00:00,19,3,6,2015,297.37756
2015-06-11 17:00:00,20,3,6,2015,294.87146
2015-06-11 18:00:00,21,3,6,2015,294.07532
2015-06-11 19:00:00,22,3,6,2015,293.84546
2015-06-11 20:00:00,23,3,6,2015,290.8857
2015-06-11 21:00:00,0,4,6,2015,290.54034
2015-06-11 22:00:00,1,4,6,2015,288.59445
2015-06-11 23:00:00,2,4,6,2015,289.172
2015-06-12 00:00:00,3,4,6,2015,288.98495
2015-06-12 01:00:00,4,4,6,2015,288.77106
2015-06-12 02:00:00,5,4,6,2015,287.86484
2015-06-12 03:00:00,6,4,6,2015,288.34634
2015-06-12 04:00:00,7,4,6,2015,288.45068
2015-06-12 05:00:00,8,4,6,2015,292.4464
2015-06-12 06:00:00,9,4,6,2015,292.95572
2015-06-12 07:00:00,10,4,6,2015,293.29028
2015-06-12 08:00:00,11,4,6,2015,298.30258
2015-06-12 09:00:00,12,4,6,2015,298.49576
2015-06-12 10:00:00,13,4,6,2015,300.27252
2015-06-12 11:00:00,14,4,6,2015,300.33542
2015-06-12 12:00:00,15,4,6,2015,300.371
2015-06-12 13:00:00,16,4,6,2015,300.656
2015-06-12 14:00:00,17,4,6,2015,300.81204
2015-06-12 15:00:00,18,4,6,2015,300.42514
2015-06-12 16:00:00,19,4,6,2015,299.9506
2015-06-12 17:00:00,20,4,6,2015,296.14575
2015-06-12 18:00:00,21,4,6,2015,295.02588
2015-06-12 19:00:00,22,4,6,2015,294.86426
2015-06-12 20:00:00,23,4,6,2015,291.32285
2015-06-12 21:00:00,0,5,6,2015,290.964
2015-06-12 22:00:00,1,5,6,2015,288.62518
2015-06-12 23:00:00,2,5,6,2015,288.43027
2015-06-13 00:00:00,3,5,6,2015,288.28186
2015-06-13 01:00:00,4,5,6,2015,288.16693
2015-06-13 02:00:00,5,5,6,2015,287.19925
2015-06-13 03:00:00,6,5,6,2015,287.77686
2015-06-13 04:00:00,7,5,6,2015,288.36996
2015-06-13 05:00:00,8,5,6,2015,292.5598
2015-06-13 06:00:00,9,5,6,2015,293.18945
2015-06-13 07:00:00,10,5,6,2015,293.78662
2015-06-13 08:00:00,11,5,6,2015,298.9957
2015-06-13 09:00:00,12,5,6,2015,299.2808
2015-06-13 10:00:00,13,5,6,2015,301.4693
2015-06-13 11:00:00,14,5,6,2015,301.67093
2015-06-13 12:00:00,15,5,6,2015,301.7132
2015-06-13 13:00:00,16,5,6,2015,301.78802
2015-06-13 14:00:00,17,5,6,2015,301.96124
2015-06-13 15:00:00,18,5,6,2015,301.5332
2015-06-13 16:00:00,19,5,6,2015,301.51965
2015-06-13 17:00:00,20,5,6,2015,298.0945
2015-06-13 18:00:00,21,5,6,2015,297.81653
2015-06-13 19:00:00,22,5,6,2015,297.92444
2015-06-13 20:00:00,23,5,6,2015,294.45572
2015-06-13 21:00:00,0,6,6,2015,293.84335
2015-06-13 22:00:00,1,6,6,2015,291.34048
2015-06-13 23:00:00,2,6,6,2015,290.90546
2015-06-14 00:00:00,3,6,6,2015,290.78665
2015-06-14 01:00:00,4,6,6,2015,290.4426
2015-06-14 02:00:00,5,6,6,2015,289.1252
2015-06-14 03:00:00,6,6,6,2015,289.19022
2015-06-14 04:00:00,7,6,6,2015,289.5265
2015-06-14 05:00:00,8,6,6,2015,293.64874
2015-06-14 06:00:00,9,6,6,2015,294.38724
2015-06-14 07:00:00,10,6,6,2015,294.88562
2015-06-14 08:00:00,11,6,6,2015,299.96393
2015-06-14 09:00:00,12,6,6,2015,300.24005
2015-06-14 10:00:00,13,6,6,2015,302.98355
2015-06-14 11:00:00,14,6,6,2015,303.38547
2015-06-14 12:00:00,15,6,6,2015,303.47687
2015-06-14 13:00:00,16,6,6,2015,303.6053
2015-06-14 14:00:00,17,6,6,2015,303.16006
2015-06-14 15:00:00,18,6,6,2015,303.62094
2015-06-14 16:00:00,19,6,6,2015,303.30557
2015-06-14 17:00:00,20,6,6,2015,297.60168
2015-06-14 18:00:00,21,6,6,2015,297.54263
2015-06-14 19:00:00,22,6,6,2015,296.91913
2015-06-14 20:00:00,23,6,6,2015,294.76886
2015-06-14 21:00:00,0,0,6,2015,293.9106
2015-06-14 22:00:00,1,0,6,2015,291.8435
2015-06-14 23:00:00,2,0,6,2015,291.28674
2015-06-15 00:00:00,3,0,6,2015,290.96423
2015-06-15 01:00:00,4,0,6,2015,290.7938
2015-06-15 02:00:00,5,0,6,2015,289.81265
2015-06-15 03:00:00,6,0,6,2015,289.9389
2015-06-15 04:00:00,7,0,6,2015,290.5742
2015-06-15 05:00:00,8,0,6,2015,294.52942
2015-06-15 06:00:00,9,0,6,2015,294.88043
2015-06-15 07:00:00,10,0,6,2015,295.3129
2015-06-15 08:00:00,11,0,6,2015,299.88428
2015-06-15 09:00:00,12,0,6,2015,300.13306
2015-06-15 10:00:00,13,0,6,2015,302.47687
2015-06-15 11:00:00,14,0,6,2015,302.6666
2015-06-15 12:00:00,15,0,6,2015,302.97278
2015-06-15 13:00:00,16,0,6,2015,303.11157
2015-06-15 14:00:00,17,0,6,2015,302.7921
2015-06-15 15:00:00,18,0,6,2015,302.35553
2015-06-15 16:00:00,19,0,6,2015,302.0301
2015-06-15 17:00:00,20,0,6,2015,299.03116
2015-06-15 18:00:00,21,0,6,2015,299.3635
2015-06-15 19:00:00,22,0,6,2015,299.70844
2015-06-15 20:00:00,23,0,6,2015,296.2466
2015-06-15 21:00:00,0,1,6,2015,295.6603
2015-06-15 22:00:00,1,1,6,2015,294.4057
2015-06-15 23:00:00,2,1,6,2015,293.64423
2015-06-16 00:00:00,3,1,6,2015,292.92706
2015-06-16 01:00:00,4,1,6,2015,292.4757
2015-06-16 02:00:00,5,1,6,2015,291.0292
2015-06-16 03:00:00,6,1,6,2015,290.94275
2015-06-16 04:00:00,7,1,6,2015,290.5699
2015-06-16 05:00:00,8,1,6,2015,291.8397
2015-06-16 06:00:00,9,1,6,2015,291.80286
2015-06-16 07:00:00,10,1,6,2015,292.24347
2015-06-16 08:00:00,11,1,6,2015,295.1974
2015-06-16 09:00:00,12,1,6,2015,295.40646
2015-06-16 10:00:00,13,1,6,2015,296.2153
2015-06-16 11:00:00,14,1,6,2015,296.4723
2015-06-16 12:00:00,15,1,6,2015,296.6836
2015-06-16 13:00:00,16,1,6,2015,296.68494
2015-06-16 14:00:00,17,1,6,2015,297.11575
2015-06-16 15:00:00,18,1,6,2015,297.11975
2015-06-16 16:00:00,19,1,6,2015,296.91953
2015-06-16 17:00:00,20,1,6,2015,294.9652
2015-06-16 18:00:00,21,1,6,2015,294.64154
2015-06-16 19:00:00,22,1,6,2015,294.39044
2015-06-16 20:00:00,23,1,6,2015,291.77054
2015-06-16 21:00:00,0,2,6,2015,291.42645
2015-06-16 22:00:00,1,2,6,2015,290.18744
2015-06-16 23:00:00,2,2,6,2015,289.9066
2015-06-17 00:00:00,3,2,6,2015,289.92368
2015-06-17 01:00:00,4,2,6,2015,289.6464
2015-06-17 02:00:00,5,2,6,2015,288.41055
2015-06-17 03:00:00,6,2,6,2015,288.747
2015-06-17 04:00:00,7,2,6,2015,289.12546
2015-06-17 05:00:00,8,2,6,2015,291.51886
2015-06-17 06:00:00,9,2,6,2015,291.77997
2015-06-17 07:00:00,10,2,6,2015,292.16452
2015-06-17 08:00:00,11,2,6,2015,295.0971
2015-06-17 09:00:00,12,2,6,2015,295.4452
2015-06-17 10:00:00,13,2,6,2015,297.04196
2015-06-17 11:00:00,14,2,6,2015,297.11813
2015-06-17 12:00:00,15,2,6,2015,296.9954
2015-06-17 13:00:00,16,2,6,2015,296.54715
2015-06-17 14:00:00,17,2,6,2015,294.61078
2015-06-17 15:00:00,18,2,6,2015,294.18744
2015-06-17 16:00:00,19,2,6,2015,293.6977
2015-06-17 17:00:00,20,2,6,2015,291.4805
2015-06-17 18:00:00,21,2,6,2015,291.08215
2015-06-17 19:00:00,22,2,6,2015,291.1414
2015-06-17 20:00:00,23,2,6,2015,289.16437
2015-06-17 21:00:00,0,3,6,2015,288.828
2015-06-17 22:00:00,1,3,6,2015,288.5697
2015-06-17 23:00:00,2,3,6,2015,288.68088
2015-06-18 00:00:00,3,3,6,2015,288.71472
2015-06-18 01:00:00,4,3,6,2015,288.7555
2015-06-18 02:00:00,5,3,6,2015,288.32336
2015-06-18 03:00:00,6,3,6,2015,288.28064
2015-06-18 04:00:00,7,3,6,2015,288.21194
2015-06-18 05:00:00,8,3,6,2015,288.69885
2015-06-18 06:00:00,9,3,6,2015,288.67297
2015-06-18 07:00:00,10,3,6,2015,288.89172
2015-06-18 08:00:00,11,3,6,2015,290.41418
2015-06-18 09:00:00,12,3,6,2015,290.50766
2015-06-18 10:00:00,13,3,6,2015,291.09756
2015-06-18 11:00:00,14,3,6,2015,290.79718
2015-06-18 12:00:00,15,3,6,2015,290.8362
2015-06-18 13:00:00,16,3,6,2015,291.0951
2015-06-18 14:00:00,17,3,6,2015,291.07336
2015-06-18 15:00:00,18,3,6,2015,290.96732
2015-06-18 16:00:00,19,3,6,2015,291.13538
2015-06-18 17:00:00,20,3,6,2015,289.9144
2015-06-18 18:00:00,21,3,6,2015,289.8495
2015-06-18 19:00:00,22,3,6,2015,289.40372
2015-06-18 20:00:00,23,3,6,2015,288.26636
2015-06-18 21:00:00,0,4,6,2015,288.18005
2015-06-18 22:00:00,1,4,6,2015,287.6612
2015-06-18 23:00:00,2,4,6,2015,287.5075
2015-06-19 00:00:00,3,4,6,2015,287.5912
2015-06-19 01:00:00,4,4,6,2015,287.70505
2015-06-19 02:00:00,5,4,6,2015,287.76352
2015-06-19 03:00:00,6,4,6,2015,288.01172
2015-06-19 04:00:00,7,4,6,2015,287.8646
2015-06-19 05:00:00,8,4,6,2015,289.58014
2015-06-19 06:00:00,9,4,6,2015,289.7896
2015-06-19 07:00:00,10,4,6,2015,290.07434
2015-06-19 08:00:00,11,4,6,2015,293.18933
2015-06-19 09:00:00,12,4,6,2015,293.6108
2015-06-19 10:00:00,13,4,6,2015,295.54352
2015-06-19 11:00:00,14,4,6,2015,295.63974
2015-06-19 12:00:00,15,4,6,2015,295.60413
2015-06-19 13:00:00,16,4,6,2015,294.8999
2015-06-19 14:00:00,17,4,6,2015,295.00955
2015-06-19 15:00:00,18,4,6,2015,295.18622
2015-06-19 16:00:00,19,4,6,2015,295.19888
2015-06-19 17:00:00,20,4,6,2015,292.80826
2015-06-19 18:00:00,21,4,6,2015,292.6366
2015-06-19 19:00:00,22,4,6,2015,292.0536
2015-06-19 20:00:00,23,4,6,2015,289.3119
2015-06-19 21:00:00,0,5,6,2015,288.77817
2015-06-19 22:00:00,1,5,6,2015,288.22058
2015-06-19 23:00:00,2,5,6,2015,288.11835
2015-06-20 00:00:00,3,5,6,2015,287.72107
2015-06-20 01:00:00,4,5,6,2015,287.41522
2015-06-20 02:00:00,5,5,6,2015,286.5667
2015-06-20 03:00:00,6,5,6,2015,286.76825
2015-06-20 04:00:00,7,5,6,2015,287.48184
2015-06-20 05:00:00,8,5,6,2015,290.1261
2015-06-20 06:00:00,9,5,6,2015,290.8149
2015-06-20 07:00:00,10,5,6,2015,291.32272
2015-06-20 08:00:00,11,5,6,2015,294.24173
2015-06-20 09:00:00,12,5,6,2015,294.36334
2015-06-20 10:00:00,13,5,6,2015,295.33557
2015-06-20 11:00:00,14,5,6,2015,295.40442
2015-06-20 12:00:00,15,5,6,2015,295.23694
2015-06-20 13:00:00,16,5,6,2015,295.07816
2015-06-20 14:00:00,17,5,6,2015,294.24835
2015-06-20 15:00:00,18,5,6,2015,293.83496
2015-06-20 16:00:00,19,5,6,2015,293.61877
2015-06-20 17:00:00,20,5,6,2015,291.3061
2015-06-20 18:00:00,21,5,6,2015,291.31006
2015-06-20 19:00:00,22,5,6,2015,291.16934
2015-06-20 20:00:00,23,5,6,2015,289.51602
2015-06-20 21:00:00,0,6,6,2015,289.4574
2015-06-20 22:00:00,1,6,6,2015,288.2186
2015-06-20 23:00:00,2,6,6,2015,288.16467
2015-06-21 00:00:00,3,6,6,2015,288.00882
2015-06-21 01:00:00,4,6,6,2015,288.22687
2015-06-21 02:00:00,5,6,6,2015,287.72562
2015-06-21 03:00:00,6,6,6,2015,287.70477
2015-06-21 04:00:00,7,6,6,2015,287.64514
2015-06-21 05:00:00,8,6,6,2015,287.8268
2015-06-21 06:00:00,9,6,6,2015,287.5683
2015-06-21 07:00:00,10,6,6,2015,287.50317
2015-06-21 08:00:00,11,6,6,2015,288.2182
2015-06-21 09:00:00,12,6,6,2015,288.10672
2015-06-21 10:00:00,13,6,6,2015,288.6573
2015-06-21 11:00:00,14,6,6,2015,288.3685
2015-06-21 12:00:00,15,6,6,2015,288.6257
2015-06-21 13:00:00,16,6,6,2015,288.57626
2015-06-21 14:00:00,17,6,6,2015,288.44678
2015-06-21 15:00:00,18,6,6,2015,288.48743
2015-06-21 16:00:00,19,6,6,2015,288.57333
2015-06-21 17:00:00,20,6,6,2015,287.25717
2015-06-21 18:00:00,21,6,6,2015,286.33466
2015-06-21 19:00:00,22,6,6,2015,287.25763
2015-06-21 20:00:00,23,6,6,2015,285.97763
2015-06-21 21:00:00,0,0,6,2015,285.62204
2015-06-21 22:00:00,1,0,6,2015,284.46378
2015-06-21 23:00:00,2,0,6,2015,284.6217
2015-06-22 00:00:00,3,0,6,2015,284.6045
2015-06-22 01:00:00,4,0,6,2015,284.62903
2015-06-22 02:00:00,5,0,6,2015,283.6211
2015-06-22 03:00:00,6,0,6,2015,283.8558
2015-06-22 04:00:00,7,0,6,2015,284.05472
2015-06-22 05:00:00,8,0,6,2015,286.52185
2015-06-22 06:00:00,9,0,6,2015,286.79663
2015-06-22 07:00:00,10,0,6,2015,286.97028
2015-06-22 08:00:00,11,0,6,2015,291.16003
2015-06-22 09:00:00,12,0,6,2015,291.32602
2015-06-22 10:00:00,13,0,6,2015,293.35715
2015-06-22 11:00:00,14,0,6,2015,293.68393
2015-06-22 12:00:00,15,0,6,2015,293.7289
2015-06-22 13:00:00,16,0,6,2015,293.77747
2015-06-22 14:00:00,17,0,6,2015,294.28842
2015-06-22 15:00:00,18,0,6,2015,294.29608
2015-06-22 16:00:00,19,0,6,2015,294.1829
2015-06-22 17:00:00,20,0,6,2015,292.1615
2015-06-22 18:00:00,21,0,6,2015,291.99393
2015-06-22 19:00:00,22,0,6,2015,291.61972
2015-06-22 20:00:00,23,0,6,2015,287.8092
2015-06-22 21:00:00,0,1,6,2015,287.59143
2015-06-22 22:00:00,1,1,6,2015,286.46637
2015-06-22 23:00:00,2,1,6,2015,286.27927
2015-06-23 00:00:00,3,1,6,2015,286.18454
2015-06-23 01:00:00,4,1,6,2015,286.13736
2015-06-23 02:00:00,5,1,6,2015,284.98502
2015-06-23 03:00:00,6,1,6,2015,285.08243
2015-06-23 04:00:00,7,1,6,2015,284.4984
2015-06-23 05:00:00,8,1,6,2015,288.7549
2015-06-23 06:00:00,9,1,6,2015,289.29123
2015-06-23 07:00:00,10,1,6,2015,289.743
2015-06-23 08:00:00,11,1,6,2015,294.8053
2015-06-23 09:00:00,12,1,6,2015,295.05856
2015-06-23 10:00:00,13,1,6,2015,296.79724
2015-06-23 11:00:00,14,1,6,2015,296.82416
2015-06-23 12:00:00,15,1,6,2015,296.97516
2015-06-23 13:00:00,16,1,6,2015,296.98038
2015-06-23 14:00:00,17,1,6,2015,297.65186
2015-06-23 15:00:00,18,1,6,2015,297.56244
2015-06-23 16:00:00,19,1,6,2015,297.53607
2015-06-23 17:00:00,20,1,6,2015,294.84735
2015-06-23 18:00:00,21,1,6,2015,295.07852
2015-06-23 19:00:00,22,1,6,2015,294.1263
2015-06-23 20:00:00,23,1,6,2015,289.52893
2015-06-23 21:00:00,0,2,6,2015,288.69296
2015-06-23 22:00:00,1,2,6,2015,287.2322
2015-06-23 23:00:00,2,2,6,2015,287.1573
2015-06-24 00:00:00,3,2,6,2015,287.05304
2015-06-24 01:00:00,4,2,6,2015,286.99924
2015-06-24 02:00:00,5,2,6,2015,285.76797
2015-06-24 03:00:00,6,2,6,2015,286.1754
2015-06-24 04:00:00,7,2,6,2015,286.95184
2015-06-24 05:00:00,8,2,6,2015,291.02362
2015-06-24 06:00:00,9,2,6,2015,291.67697
2015-06-24 07:00:00,10,2,6,2015,292.44458
2015-06-24 08:00:00,11,2,6,2015,296.5155
2015-06-24 09:00:00,12,2,6,2015,297.31616
2015-06-24 10:00:00,13,2,6,2015,298.99588
2015-06-24 11:00:00,14,2,6,2015,298.95752
2015-06-24 12:00:00,15,2,6,2015,299.01926
2015-06-24 13:00:00,16,2,6,2015,299.1112
2015-06-24 14:00:00,17,2,6,2015,298.91428
2015-06-24 15:00:00,18,2,6,2015,298.57767
2015-06-24 16:00:00,19,2,6,2015,298.22763
2015-06-24 17:00:00,20,2,6,2015,294.46317
2015-06-24 18:00:00,21,2,6,2015,293.64774
2015-06-24 19:00:00,22,2,6,2015,293.1708
2015-06-24 20:00:00,23,2,6,2015,290.0421
2015-06-24 21:00:00,0,3,6,2015,289.67868
2015-06-24 22:00:00,1,3,6,2015,287.4843
2015-06-24 23:00:00,2,3,6,2015,287.06778
2015-06-25 00:00:00,3,3,6,2015,286.92477
2015-06-25 01:00:00,4,3,6,2015,287.1701
2015-06-25 02:00:00,5,3,6,2015,286.6742
2015-06-25 03:00:00,6,3,6,2015,286.75055
2015-06-25 04:00:00,7,3,6,2015,286.57693
2015-06-25 05:00:00,8,3,6,2015,287.6688
2015-06-25 06:00:00,9,3,6,2015,287.8447
2015-06-25 07:00:00,10,3,6,2015,288.06387
2015-06-25 08:00:00,11,3,6,2015,290.79776
2015-06-25 09:00:00,12,3,6,2015,291.23688
2015-06-25 10:00:00,13,3,6,2015,293.1954
2015-06-25 11:00:00,14,3,6,2015,293.25403
2015-06-25 12:00:00,15,3,6,2015,293.07263
2015-06-25 13:00:00,16,3,6,2015,292.89737
2015-06-25 14:00:00,17,3,6,2015,293.2061
2015-06-25 15:00:00,18,3,6,2015,293.1738
2015-06-25 16:00:00,19,3,6,2015,293.23383
2015-06-25 17:00:00,20,3,6,2015,290.82596
2015-06-25 18:00:00,21,3,6,2015,290.4722
2015-06-25 19:00:00,22,3,6,2015,289.89868
2015-06-25 20:00:00,23,3,6,2015,287.4867
2015-06-25 21:00:00,0,4,6,2015,287.09958
2015-06-25 22:00:00,1,4,6,2015,286.04846
2015-06-25 23:00:00,2,4,6,2015,285.84265
2015-06-26 00:00:00,3,4,6,2015,285.64636
2015-06-26 01:00:00,4,4,6,2015,285.41412
2015-06-26 02:00:00,5,4,6,2015,284.635
2015-06-26 03:00:00,6,4,6,2015,285.08292
2015-06-26 04:00:00,7,4,6,2015,285.22217
2015-06-26 05:00:00,8,4,6,2015,287.05148
2015-06-26 06:00:00,9,4,6,2015,287.2972
2015-06-26 07:00:00,10,4,6,2015,287.6087
2015-06-26 08:00:00,11,4,6,2015,290.3285
2015-06-26 09:00:00,12,4,6,2015,290.3702
2015-06-26 10:00:00,13,4,6,2015,291.773
2015-06-26 11:00:00,14,4,6,2015,291.87933
2015-06-26 12:00:00,15,4,6,2015,292.14417
2015-06-26 13:00:00,16,4,6,2015,291.82718
2015-06-26 14:00:00,17,4,6,2015,291.28906
2015-06-26 15:00:00,18,4,6,2015,290.82892
2015-06-26 16:00:00,19,4,6,2015,290.8088
2015-06-26 17:00:00,20,4,6,2015,288.96973
2015-06-26 18:00:00,21,4,6,2015,288.60898
2015-06-26 19:00:00,22,4,6,2015,288.8219
2015-06-26 20:00:00,23,4,6,2015,287.5129
2015-06-26 21:00:00,0,5,6,2015,287.29413
2015-06-26 22:00:00,1,5,6,2015,287.37747
2015-06-26 23:00:00,2,5,6,2015,287.29376
2015-06-27 00:00:00,3,5,6,2015,287.37476
2015-06-27 01:00:00,4,5,6,2015,287.38013
2015-06-27 02:00:00,5,5,6,2015,287.0055
2015-06-27 03:00:00,6,5,6,2015,287.2186
2015-06-27 04:00:00,7,5,6,2015,287.10913
2015-06-27 05:00:00,8,5,6,2015,288.75064
2015-06-27 06:00:00,9,5,6,2015,288.96527
2015-06-27 07:00:00,10,5,6,2015,289.03326
2015-06-27 08:00:00,11,5,6,2015,292.27667
2015-06-27 09:00:00,12,5,6,2015,292.40814
2015-06-27 10:00:00,13,5,6,2015,294.96497
2015-06-27 11:00:00,14,5,6,2015,294.91177
2015-06-27 12:00:00,15,5,6,2015,295.35388
2015-06-27 13:00:00,16,5,6,2015,295.59775
2015-06-27 14:00:00,17,5,6,2015,296.21637
2015-06-27 15:00:00,18,5,6,2015,295.99933
2015-06-27 16:00:00,19,5,6,2015,295.70978
2015-06-27 17:00:00,20,5,6,2015,293.51065
2015-06-27 18:00:00,21,5,6,2015,293.0453
2015-06-27 19:00:00,22,5,6,2015,292.55817
2015-06-27 20:00:00,23,5,6,2015,289.5969
2015-06-27 21:00:00,0,6,6,2015,289.44138
2015-06-27 22:00:00,1,6,6,2015,288.42725
2015-06-27 23:00:00,2,6,6,2015,288.26965
2015-06-28 00:00:00,3,6,6,2015,288.25375
2015-06-28 01:00:00,4,6,6,2015,287.98782
2015-06-28 02:00:00,5,6,6,2015,287.09653
2015-06-28 03:00:00,6,6,6,2015,287.44324
2015-06-28 04:00:00,7,6,6,2015,287.73447
2015-06-28 05:00:00,8,6,6,2015,290.3353
2015-06-28 06:00:00,9,6,6,2015,290.671
2015-06-28 07:00:00,10,6,6,2015,291.0981
2015-06-28 08:00:00,11,6,6,2015,293.94995
2015-06-28 09:00:00,12,6,6,2015,294.44257
2015-06-28 10:00:00,13,6,6,2015,296.19534
2015-06-28 11:00:00,14,6,6,2015,296.18454
2015-06-28 12:00:00,15,6,6,2015,296.1804
2015-06-28 13:00:00,16,6,6,2015,296.4879
2015-06-28 14:00:00,17,6,6,2015,295.20264
2015-06-28 15:00:00,18,6,6,2015,294.25235
2015-06-28 16:00:00,19,6,6,2015,294.0539
2015-06-28 17:00:00,20,6,6,2015,292.26807
2015-06-28 18:00:00,21,6,6,2015,292.28333
2015-06-28 19:00:00,22,6,6,2015,291.9902
2015-06-28 20:00:00,23,6,6,2015,289.85992
2015-06-28 21:00:00,0,0,6,2015,289.91962
2015-06-28 22:00:00,1,0,6,2015,289.2012
2015-06-28 23:00:00,2,0,6,2015,288.981
2015-06-29 00:00:00,3,0,6,2015,289.04895
2015-06-29 01:00:00,4,0,6,2015,289.15402
2015-06-29 02:00:00,5,0,6,2015,288.87302
2015-06-29 03:00:00,6,0,6,2015,289.22595
2015-06-29 04:00:00,7,0,6,2015,289.33032
2015-06-29 05:00:00,8,0,6,2015,290.71802
2015-06-29 06:00:00,9,0,6,2015,290.73755
2015-06-29 07:00:00,10,0,6,2015,291.00952
2015-06-29 08:00:00,11,0,6,2015,293.9999
2015-06-29 09:00:00,12,0,6,2015,294.2227
2015-06-29 10:00:00,13,0,6,2015,296.17587
2015-06-29 11:00:00,14,0,6,2015,296.40857
2015-06-29 12:00:00,15,0,6,2015,296.34427
2015-06-29 13:00:00,16,0,6,2015,296.0352
2015-06-29 14:00:00,17,0,6,2015,296.11533
2015-06-29 15:00:00,18,0,6,2015,295.68665
2015-06-29 16:00:00,19,0,6,2015,295.8253
2015-06-29 17:00:00,20,0,6,2015,293.5666
2015-06-29 18:00:00,21,0,6,2015,293.36176
2015-06-29 19:00:00,22,0,6,2015,293.0675
2015-06-29 20:00:00,23,0,6,2015,291.0557
2015-06-29 21:00:00,0,1,6,2015,290.97034
2015-06-29 22:00:00,1,1,6,2015,289.1272
2015-06-29 23:00:00,2,1,6,2015,289.15256
2015-06-30 00:00:00,3,1,6,2015,289.09732
2015-06-30 01:00:00,4,1,6,2015,289.01526
2015-06-30 02:00:00,5,1,6,2015,288.54022
2015-06-30 03:00:00,6,1,6,2015,288.79984
2015-06-30 04:00:00,7,1,6,2015,288.70435
2015-06-30 05:00:00,8,1,6,2015,291.0454
2015-06-30 06:00:00,9,1,6,2015,291.16153
2015-06-30 07:00:00,10,1,6,2015,291.3356
2015-06-30 08:00:00,11,1,6,2015,294.01984
2015-06-30 09:00:00,12,1,6,2015,294.47754
2015-06-30 10:00:00,13,1,6,2015,295.02237
2015-06-30 11:00:00,14,1,6,2015,295.04333
2015-06-30 12:00:00,15,1,6,2015,295.3573
2015-06-30 13:00:00,16,1,6,2015,295.6283
2015-06-30 14:00:00,17,1,6,2015,294.9934
2015-06-30 15:00:00,18,1,6,2015,295.00543
2015-06-30 16:00:00,19,1,6,2015,295.05103
2015-06-30 17:00:00,20,1,6,2015,293.10986
2015-06-30 18:00:00,21,1,6,2015,292.78723
2015-06-30 19:00:00,22,1,6,2015,292.3672
2015-06-30 20:00:00,23,1,6,2015,290.11826
2015-06-30 21:00:00,0,2,7,2015,290.04053
2015-06-30 22:00:00,1,2,7,2015,288.51016
2015-06-30 23:00:00,2,2,7,2015,288.27118
2015-07-01 00:00:00,3,2,7,2015,288.18085
2015-07-01 01:00:00,4,2,7,2015,287.735
2015-07-01 02:00:00,5,2,7,2015,287.08524
2015-07-01 03:00:00,6,2,7,2015,287.3148
2015-07-01 04:00:00,7,2,7,2015,287.4557
2015-07-01 05:00:00,8,2,7,2015,289.95258
2015-07-01 06:00:00,9,2,7,2015,290.3235
2015-07-01 07:00:00,10,2,7,2015,290.6458
2015-07-01 08:00:00,11,2,7,2015,294.08917
2015-07-01 09:00:00,12,2,7,2015,294.20825
2015-07-01 10:00:00,13,2,7,2015,296.27423
2015-07-01 11:00:00,14,2,7,2015,296.47067
2015-07-01 12:00:00,15,2,7,2015,296.4788
2015-07-01 13:00:00,16,2,7,2015,296.70834
2015-07-01 14:00:00,17,2,7,2015,297.09778
2015-07-01 15:00:00,18,2,7,2015,296.87073
2015-07-01 16:00:00,19,2,7,2015,296.65182
2015-07-01 17:00:00,20,2,7,2015,294.03775
2015-07-01 18:00:00,21,2,7,2015,294.1241
2015-07-01 19:00:00,22,2,7,2015,294.18225
2015-07-01 20:00:00,23,2,7,2015,290.67865
2015-07-01 21:00:00,0,3,7,2015,290.1139
2015-07-01 22:00:00,1,3,7,2015,288.26865
2015-07-01 23:00:00,2,3,7,2015,288.29688
2015-07-02 00:00:00,3,3,7,2015,288.10535
2015-07-02 01:00:00,4,3,7,2015,288.03772
2015-07-02 02:00:00,5,3,7,2015,286.8459
2015-07-02 03:00:00,6,3,7,2015,286.8484
2015-07-02 04:00:00,7,3,7,2015,287.45987
2015-07-02 05:00:00,8,3,7,2015,291.0185
2015-07-02 06:00:00,9,3,7,2015,291.24084
2015-07-02 07:00:00,10,3,7,2015,291.74298
2015-07-02 08:00:00,11,3,7,2015,296.6357
2015-07-02 09:00:00,12,3,7,2015,297.1487
2015-07-02 10:00:00,13,3,7,2015,299.05798
2015-07-02 11:00:00,14,3,7,2015,298.87738
2015-07-02 12:00:00,15,3,7,2015,298.74158
2015-07-02 13:00:00,16,3,7,2015,298.91122
2015-07-02 14:00:00,17,3,7,2015,298.3093
2015-07-02 15:00:00,18,3,7,2015,298.12082
2015-07-02 16:00:00,19,3,7,2015,298.40936
2015-07-02 17:00:00,20,3,7,2015,295.96838
2015-07-02 18:00:00,21,3,7,2015,296.81442
2015-07-02 19:00:00,22,3,7,2015,296.45227
2015-07-02 20:00:00,23,3,7,2015,293.11658
2015-07-02 21:00:00,0,4,7,2015,292.75122
2015-07-02 22:00:00,1,4,7,2015,290.49313
2015-07-02 23:00:00,2,4,7,2015,290.39288
2015-07-03 00:00:00,3,4,7,2015,290.2852
2015-07-03 01:00:00,4,4,7,2015,290.24814
2015-07-03 02:00:00,5,4,7,2015,288.82794
2015-07-03 03:00:00,6,4,7,2015,288.95807
2015-07-03 04:00:00,7,4,7,2015,288.82632
2015-07-03 05:00:00,8,4,7,2015,291.9309
2015-07-03 06:00:00,9,4,7,2015,292.15134
2015-07-03 07:00:00,10,4,7,2015,292.48315
2015-07-03 08:00:00,11,4,7,2015,296.0758
2015-07-03 09:00:00,12,4,7,2015,296.34326
2015-07-03 10:00:00,13,4,7,2015,297.65915
2015-07-03 11:00:00,14,4,7,2015,297.7685
2015-07-03 12:00:00,15,4,7,2015,297.81348
2015-07-03 13:00:00,16,4,7,2015,297.814
2015-07-03 14:00:00,17,4,7,2015,297.63913
2015-07-03 15:00:00,18,4,7,2015,297.8913
2015-07-03 16:00:00,19,4,7,2015,297.5642
2015-07-03 17:00:00,20,4,7,2015,295.0416
2015-07-03 18:00:00,21,4,7,2015,294.39148
2015-07-03 19:00:00,22,4,7,2015,293.85144
2015-07-03 20:00:00,23,4,7,2015,290.8743
2015-07-03 21:00:00,0,5,7,2015,290.3756
2015-07-03 22:00:00,1,5,7,2015,288.48483
2015-07-03 23:00:00,2,5,7,2015,288.32898
2015-07-04 00:00:00,3,5,7,2015,288.3788
2015-07-04 01:00:00,4,5,7,2015,288.33694
2015-07-04 02:00:00,5,5,7,2015,287.51282
2015-07-04 03:00:00,6,5,7,2015,287.84753
2015-07-04 04:00:00,7,5,7,2015,288.19858
2015-07-04 05:00:00,8,5,7,2015,291.47687
2015-07-04 06:00:00,9,5,7,2015,291.66833
2015-07-04 07:00:00,10,5,7,2015,291.79126
2015-07-04 08:00:00,11,5,7,2015,294.96222
2015-07-04 09:00:00,12,5,7,2015,295.11987
2015-07-04 10:00:00,13,5,7,2015,296.34573
2015-07-04 11:00:00,14,5,7,2015,296.2528
2015-07-04 12:00:00,15,5,7,2015,296.2613
2015-07-04 13:00:00,16,5,7,2015,296.46503
2015-07-04 14:00:00,17,5,7,2015,295.64282
2015-07-04 15:00:00,18,5,7,2015,295.8589
2015-07-04 16:00:00,19,5,7,2015,295.90854
2015-07-04 17:00:00,20,5,7,2015,294.17957
2015-07-04 18:00:00,21,5,7,2015,293.42297
2015-07-04 19:00:00,22,5,7,2015,292.9458
2015-07-04 20:00:00,23,5,7,2015,290.4529
2015-07-04 21:00:00,0,6,7,2015,290.7162
2015-07-04 22:00:00,1,6,7,2015,289.67603
2015-07-04 23:00:00,2,6,7,2015,289.65775
2015-07-05 00:00:00,3,6,7,2015,289.64282
2015-07-05 01:00:00,4,6,7,2015,289.50156
2015-07-05 02:00:00,5,6,7,2015,288.59543
2015-07-05 03:00:00,6,6,7,2015,289.11835
2015-07-05 04:00:00,7,6,7,2015,288.47995
2015-07-05 05:00:00,8,6,7,2015,291.3932
2015-07-05 06:00:00,9,6,7,2015,291.68338
2015-07-05 07:00:00,10,6,7,2015,292.13492
2015-07-05 08:00:00,11,6,7,2015,296.3373
2015-07-05 09:00:00,12,6,7,2015,296.4411
2015-07-05 10:00:00,13,6,7,2015,298.84058
2015-07-05 11:00:00,14,6,7,2015,298.9217
2015-07-05 12:00:00,15,6,7,2015,299.07547
2015-07-05 13:00:00,16,6,7,2015,299.17047
2015-07-05 14:00:00,17,6,7,2015,299.6677
2015-07-05 15:00:00,18,6,7,2015,299.51874
2015-07-05 16:00:00,19,6,7,2015,299.534
2015-07-05 17:00:00,20,6,7,2015,296.74573
2015-07-05 18:00:00,21,6,7,2015,296.7562
2015-07-05 19:00:00,22,6,7,2015,296.79755
2015-07-05 20:00:00,23,6,7,2015,293.2972
2015-07-05 21:00:00,0,0,7,2015,293.0837
2015-07-05 22:00:00,1,0,7,2015,291.25208
2015-07-05 23:00:00,2,0,7,2015,290.68832
2015-07-06 00:00:00,3,0,7,2015,290.52133
2015-07-06 01:00:00,4,0,7,2015,290.53894
2015-07-06 02:00:00,5,0,7,2015,289.1117
2015-07-06 03:00:00,6,0,7,2015,289.1711
2015-07-06 04:00:00,7,0,7,2015,289.59998
2015-07-06 05:00:00,8,0,7,2015,293.42618
2015-07-06 06:00:00,9,0,7,2015,293.84976
2015-07-06 07:00:00,10,0,7,2015,294.3372
2015-07-06 08:00:00,11,0,7,2015,299.5154
2015-07-06 09:00:00,12,0,7,2015,299.80368
2015-07-06 10:00:00,13,0,7,2015,302.0824
2015-07-06 11:00:00,14,0,7,2015,302.2984
2015-07-06 12:00:00,15,0,7,2015,302.38263
2015-07-06 13:00:00,16,0,7,2015,302.56067
2015-07-06 14:00:00,17,0,7,2015,303.29456
2015-07-06 15:00:00,18,0,7,2015,303.1698
2015-07-06 16:00:00,19,0,7,2015,303.07898
2015-07-06 17:00:00,20,0,7,2015,300.11258
2015-07-06 18:00:00,21,0,7,2015,300.05453
2015-07-06 19:00:00,22,0,7,2015,299.96576
2015-07-06 20:00:00,23,0,7,2015,296.11017
2015-07-06 21:00:00,0,1,7,2015,295.1884
2015-07-06 22:00:00,1,1,7,2015,292.8991
2015-07-06 23:00:00,2,1,7,2015,292.8342
2015-07-07 00:00:00,3,1,7,2015,292.5352
2015-07-07 01:00:00,4,1,7,2015,292.234
2015-07-07 02:00:00,5,1,7,2015,290.93015
2015-07-07 03:00:00,6,1,7,2015,290.79575
2015-07-07 04:00:00,7,1,7,2015,290.7149
2015-07-07 05:00:00,8,1,7,2015,294.54034
2015-07-07 06:00:00,9,1,7,2015,295.44757
2015-07-07 07:00:00,10,1,7,2015,296.0323
2015-07-07 08:00:00,11,1,7,2015,301.54108
2015-07-07 09:00:00,12,1,7,2015,302.0243
2015-07-07 10:00:00,13,1,7,2015,304.4825
2015-07-07 11:00:00,14,1,7,2015,304.6236
2015-07-07 12:00:00,15,1,7,2015,304.6812
2015-07-07 13:00:00,16,1,7,2015,304.75613
2015-07-07 14:00:00,17,1,7,2015,304.99374
2015-07-07 15:00:00,18,1,7,2015,304.7626
2015-07-07 16:00:00,19,1,7,2015,304.51758
2015-07-07 17:00:00,20,1,7,2015,300.9901
2015-07-07 18:00:00,21,1,7,2015,299.96317
2015-07-07 19:00:00,22,1,7,2015,300.0932
2015-07-07 20:00:00,23,1,7,2015,295.70804
2015-07-07 21:00:00,0,2,7,2015,295.1942
2015-07-07 22:00:00,1,2,7,2015,292.42197
2015-07-07 23:00:00,2,2,7,2015,292.5516
2015-07-08 00:00:00,3,2,7,2015,292.29333
2015-07-08 01:00:00,4,2,7,2015,292.20612
2015-07-08 02:00:00,5,2,7,2015,290.91394
2015-07-08 03:00:00,6,2,7,2015,291.261
2015-07-08 04:00:00,7,2,7,2015,291.53552
2015-07-08 05:00:00,8,2,7,2015,295.58163
2015-07-08 06:00:00,9,2,7,2015,296.13248
2015-07-08 07:00:00,10,2,7,2015,296.94717
2015-07-08 08:00:00,11,2,7,2015,302.01825
2015-07-08 09:00:00,12,2,7,2015,302.43445
2015-07-08 10:00:00,13,2,7,2015,304.70816
2015-07-08 11:00:00,14,2,7,2015,304.88684
2015-07-08 12:00:00,15,2,7,2015,304.92896
2015-07-08 13:00:00,16,2,7,2015,304.84357
2015-07-08 14:00:00,17,2,7,2015,304.81754
2015-07-08 15:00:00,18,2,7,2015,304.4893
2015-07-08 16:00:00,19,2,7,2015,304.1511
2015-07-08 17:00:00,20,2,7,2015,300.5786
2015-07-08 18:00:00,21,2,7,2015,299.70612
2015-07-08 19:00:00,22,2,7,2015,299.24216
2015-07-08 20:00:00,23,2,7,2015,294.8487
2015-07-08 21:00:00,0,3,7,2015,294.52997
2015-07-08 22:00:00,1,3,7,2015,292.28424
2015-07-08 23:00:00,2,3,7,2015,292.00696
2015-07-09 00:00:00,3,3,7,2015,291.606
2015-07-09 01:00:00,4,3,7,2015,291.62552
2015-07-09 02:00:00,5,3,7,2015,290.67596
2015-07-09 03:00:00,6,3,7,2015,291.00696
2015-07-09 04:00:00,7,3,7,2015,291.50858
2015-07-09 05:00:00,8,3,7,2015,295.50934
2015-07-09 06:00:00,9,3,7,2015,296.2786
2015-07-09 07:00:00,10,3,7,2015,297.03302
2015-07-09 08:00:00,11,3,7,2015,301.20667
2015-07-09 09:00:00,12,3,7,2015,301.4955
2015-07-09 10:00:00,13,3,7,2015,303.2691
2015-07-09 11:00:00,14,3,7,2015,303.208
2015-07-09 12:00:00,15,3,7,2015,302.98306
2015-07-09 13:00:00,16,3,7,2015,302.70673
2015-07-09 14:00:00,17,3,7,2015,302.0442
2015-07-09 15:00:00,18,3,7,2015,302.0047
2015-07-09 16:00:00,19,3,7,2015,301.70026
2015-07-09 17:00:00,20,3,7,2015,297.8263
2015-07-09 18:00:00,21,3,7,2015,297.0971
2015-07-09 19:00:00,22,3,7,2015,296.6171
2015-07-09 20:00:00,23,3,7,2015,293.54858
2015-07-09 21:00:00,0,4,7,2015,293.4137
2015-07-09 22:00:00,1,4,7,2015,292.1643
2015-07-09 23:00:00,2,4,7,2015,291.44885
2015-07-10 00:00:00,3,4,7,2015,291.5476
2015-07-10 01:00:00,4,4,7,2015,291.5396
2015-07-10 02:00:00,5,4,7,2015,290.88855
2015-07-10 03:00:00,6,4,7,2015,290.8701
2015-07-10 04:00:00,7,4,7,2015,291.13797
2015-07-10 05:00:00,8,4,7,2015,292.4922
2015-07-10 06:00:00,9,4,7,2015,292.65167
2015-07-10 07:00:00,10,4,7,2015,293.00388
2015-07-10 08:00:00,11,4,7,2015,294.88025
2015-07-10 09:00:00,12,4,7,2015,295.1207
2015-07-10 10:00:00,13,4,7,2015,296.0165
2015-07-10 11:00:00,14,4,7,2015,295.6245
2015-07-10 12:00:00,15,4,7,2015,295.79352
2015-07-10 13:00:00,16,4,7,2015,295.69803
2015-07-10 14:00:00,17,4,7,2015,295.97784
2015-07-10 15:00:00,18,4,7,2015,295.8039
2015-07-10 16:00:00,19,4,7,2015,295.5993
2015-07-10 17:00:00,20,4,7,2015,293.8998
2015-07-10 18:00:00,21,4,7,2015,293.39313
2015-07-10 19:00:00,22,4,7,2015,293.08212
2015-07-10 20:00:00,23,4,7,2015,289.86642
2015-07-10 21:00:00,0,5,7,2015,289.28043
2015-07-10 22:00:00,1,5,7,2015,287.89386
2015-07-10 23:00:00,2,5,7,2015,287.65128
2015-07-11 00:00:00,3,5,7,2015,287.42697
2015-07-11 01:00:00,4,5,7,2015,287.18954
2015-07-11 02:00:00,5,5,7,2015,286.12967
2015-07-11 03:00:00,6,5,7,2015,286.40323
2015-07-11 04:00:00,7,5,7,2015,286.72748
2015-07-11 05:00:00,8,5,7,2015,290.007
2015-07-11 06:00:00,9,5,7,2015,290.37326
2015-07-11 07:00:00,10,5,7,2015,290.8272
2015-07-11 08:00:00,11,5,7,2015,294.98035
2015-07-11 09:00:00,12,5,7,2015,295.28354
2015-07-11 10:00:00,13,5,7,2015,297.69574
2015-07-11 11:00:00,14,5,7,2015,297.80905
2015-07-11 12:00:00,15,5,7,2015,297.81604
2015-07-11 13:00:00,16,5,7,2015,297.96808
2015-07-11 14:00:00,17,5,7,2015,298.64615
2015-07-11 15:00:00,18,5,7,2015,298.4957
2015-07-11 16:00:00,19,5,7,2015,298.38416
2015-07-11 17:00:00,20,5,7,2015,295.67834
2015-07-11 18:00:00,21,5,7,2015,295.74573
2015-07-11 19:00:00,22,5,7,2015,295.55136
2015-07-11 20:00:00,23,5,7,2015,291.26407
2015-07-11 21:00:00,0,6,7,2015,290.66083
2015-07-11 22:00:00,1,6,7,2015,288.1761
2015-07-11 23:00:00,2,6,7,2015,288.04434
2015-07-12 00:00:00,3,6,7,2015,288.17056
2015-07-12 01:00:00,4,6,7,2015,288.14542
2015-07-12 02:00:00,5,6,7,2015,286.56985
2015-07-12 03:00:00,6,6,7,2015,286.82657
2015-07-12 04:00:00,7,6,7,2015,286.37863
2015-07-12 05:00:00,8,6,7,2015,290.3628
2015-07-12 06:00:00,9,6,7,2015,290.87018
2015-07-12 07:00:00,10,6,7,2015,291.47934
2015-07-12 08:00:00,11,6,7,2015,296.23776
2015-07-12 09:00:00,12,6,7,2015,296.56842
2015-07-12 10:00:00,13,6,7,2015,299.37558
2015-07-12 11:00:00,14,6,7,2015,299.42252
2015-07-12 12:00:00,15,6,7,2015,299.6039
2015-07-12 13:00:00,16,6,7,2015,299.5614
2015-07-12 14:00:00,17,6,7,2015,299.98608
2015-07-12 15:00:00,18,6,7,2015,299.81293
2015-07-12 16:00:00,19,6,7,2015,299.734
2015-07-12 17:00:00,20,6,7,2015,296.99454
2015-07-12 18:00:00,21,6,7,2015,296.95914
2015-07-12 19:00:00,22,6,7,2015,297.11288
2015-07-12 20:00:00,23,6,7,2015,293.0457
2015-07-12 21:00:00,0,0,7,2015,292.64807
2015-07-12 22:00:00,1,0,7,2015,290.71112
2015-07-12 23:00:00,2,0,7,2015,290.3596
2015-07-13 00:00:00,3,0,7,2015,290.07126
2015-07-13 01:00:00,4,0,7,2015,289.6602
2015-07-13 02:00:00,5,0,7,2015,287.9437
2015-07-13 03:00:00,6,0,7,2015,287.9227
2015-07-13 04:00:00,7,0,7,2015,287.9314
2015-07-13 05:00:00,8,0,7,2015,292.28204
2015-07-13 06:00:00,9,0,7,2015,292.65924
2015-07-13 07:00:00,10,0,7,2015,293.19003
2015-07-13 08:00:00,11,0,7,2015,298.65103
2015-07-13 09:00:00,12,0,7,2015,298.98438
2015-07-13 10:00:00,13,0,7,2015,301.4587
2015-07-13 11:00:00,14,0,7,2015,301.7575
2015-07-13 12:00:00,15,0,7,2015,301.87216
2015-07-13 13:00:00,16,0,7,2015,302.05057
2015-07-13 14:00:00,17,0,7,2015,301.53973
2015-07-13 15:00:00,18,0,7,2015,301.16608
2015-07-13 16:00:00,19,0,7,2015,301.13632
2015-07-13 17:00:00,20,0,7,2015,297.91006
2015-07-13 18:00:00,21,0,7,2015,297.83447
2015-07-13 19:00:00,22,0,7,2015,298.4767
2015-07-13 20:00:00,23,0,7,2015,295.09924
2015-07-13 21:00:00,0,1,7,2015,294.67447
2015-07-13 22:00:00,1,1,7,2015,292.69815
2015-07-13 23:00:00,2,1,7,2015,291.91943
2015-07-14 00:00:00,3,1,7,2015,291.3896
2015-07-14 01:00:00,4,1,7,2015,291.23465
2015-07-14 02:00:00,5,1,7,2015,290.5099
2015-07-14 03:00:00,6,1,7,2015,290.40735
2015-07-14 04:00:00,7,1,7,2015,290.68295
2015-07-14 05:00:00,8,1,7,2015,291.70898
2015-07-14 06:00:00,9,1,7,2015,291.75427
2015-07-14 07:00:00,10,1,7,2015,291.42282
2015-07-14 08:00:00,11,1,7,2015,294.1246
2015-07-14 09:00:00,12,1,7,2015,294.41452
2015-07-14 10:00:00,13,1,7,2015,296.38553
2015-07-14 11:00:00,14,1,7,2015,296.7363
2015-07-14 12:00:00,15,1,7,2015,296.91333
2015-07-14 13:00:00,16,1,7,2015,297.41586
2015-07-14 14:00:00,17,1,7,2015,297.82907
2015-07-14 15:00:00,18,1,7,2015,296.99255
2015-07-14 16:00:00,19,1,7,2015,296.82324
2015-07-14 17:00:00,20,1,7,2015,294.92914
2015-07-14 18:00:00,21,1,7,2015,294.50214
2015-07-14 19:00:00,22,1,7,2015,294.4506
2015-07-14 20:00:00,23,1,7,2015,291.26117
2015-07-14 21:00:00,0,2,7,2015,290.94537
2015-07-14 22:00:00,1,2,7,2015,289.17188
2015-07-14 23:00:00,2,2,7,2015,288.99377
2015-07-15 00:00:00,3,2,7,2015,288.64365
2015-07-15 01:00:00,4,2,7,2015,288.35672
2015-07-15 02:00:00,5,2,7,2015,287.19223
2015-07-15 03:00:00,6,2,7,2015,287.57043
2015-07-15 04:00:00,7,2,7,2015,287.88223
2015-07-15 05:00:00,8,2,7,2015,291.99185
2015-07-15 06:00:00,9,2,7,2015,292.51465
2015-07-15 07:00:00,10,2,7,2015,293.07666
2015-07-15 08:00:00,11,2,7,2015,298.08575
2015-07-15 09:00:00,12,2,7,2015,298.29196
2015-07-15 10:00:00,13,2,7,2015,300.31702
2015-07-15 11:00:00,14,2,7,2015,300.5316
2015-07-15 12:00:00,15,2,7,2015,300.5092
2015-07-15 13:00:00,16,2,7,2015,300.5824
2015-07-15 14:00:00,17,2,7,2015,301.18024
2015-07-15 15:00:00,18,2,7,2015,301.15094
2015-07-15 16:00:00,19,2,7,2015,301.255
2015-07-15 17:00:00,20,2,7,2015,298.7838
2015-07-15 18:00:00,21,2,7,2015,298.31122
2015-07-15 19:00:00,22,2,7,2015,297.93542
2015-07-15 20:00:00,23,2,7,2015,294.28043
2015-07-15 21:00:00,0,3,7,2015,293.87796
2015-07-15 22:00:00,1,3,7,2015,291.4013
2015-07-15 23:00:00,2,3,7,2015,291.4103
2015-07-16 00:00:00,3,3,7,2015,291.07938
2015-07-16 01:00:00,4,3,7,2015,290.89563
2015-07-16 02:00:00,5,3,7,2015,289.52014
2015-07-16 03:00:00,6,3,7,2015,290.3721
2015-07-16 04:00:00,7,3,7,2015,290.34857
2015-07-16 05:00:00,8,3,7,2015,293.89468
2015-07-16 06:00:00,9,3,7,2015,294.28455
2015-07-16 07:00:00,10,3,7,2015,294.68005
2015-07-16 08:00:00,11,3,7,2015,299.16434
2015-07-16 09:00:00,12,3,7,2015,299.42587
2015-07-16 10:00:00,13,3,7,2015,301.72495
2015-07-16 11:00:00,14,3,7,2015,301.85803
2015-07-16 12:00:00,15,3,7,2015,301.97083
2015-07-16 13:00:00,16,3,7,2015,302.02615
2015-07-16 14:00:00,17,3,7,2015,302.47495
2015-07-16 15:00:00,18,3,7,2015,302.39975
2015-07-16 16:00:00,19,3,7,2015,302.2978
2015-07-16 17:00:00,20,3,7,2015,299.07654
2015-07-16 18:00:00,21,3,7,2015,298.9344
2015-07-16 19:00:00,22,3,7,2015,298.82864
2015-07-16 20:00:00,23,3,7,2015,294.87537
2015-07-16 21:00:00,0,4,7,2015,294.7243
2015-07-16 22:00:00,1,4,7,2015,292.5985
2015-07-16 23:00:00,2,4,7,2015,292.37396
2015-07-17 00:00:00,3,4,7,2015,292.0291
2015-07-17 01:00:00,4,4,7,2015,291.4273
2015-07-17 02:00:00,5,4,7,2015,289.7655
2015-07-17 03:00:00,6,4,7,2015,290.1633
2015-07-17 04:00:00,7,4,7,2015,290.1426
2015-07-17 05:00:00,8,4,7,2015,293.8291
2015-07-17 06:00:00,9,4,7,2015,294.2423
2015-07-17 07:00:00,10,4,7,2015,294.8629
2015-07-17 08:00:00,11,4,7,2015,300.3212
2015-07-17 09:00:00,12,4,7,2015,300.70465
2015-07-17 10:00:00,13,4,7,2015,303.2182
2015-07-17 11:00:00,14,4,7,2015,303.42166
2015-07-17 12:00:00,15,4,7,2015,303.43478
2015-07-17 13:00:00,16,4,7,2015,303.43796
2015-07-17 14:00:00,17,4,7,2015,303.81287
2015-07-17 15:00:00,18,4,7,2015,303.70648
2015-07-17 16:00:00,19,4,7,2015,303.60648
2015-07-17 17:00:00,20,4,7,2015,299.71155
2015-07-17 18:00:00,21,4,7,2015,299.41443
2015-07-17 19:00:00,22,4,7,2015,299.36694
2015-07-17 20:00:00,23,4,7,2015,294.9784
2015-07-17 21:00:00,0,5,7,2015,294.27148
2015-07-17 22:00:00,1,5,7,2015,291.6696
2015-07-17 23:00:00,2,5,7,2015,291.3964
2015-07-18 00:00:00,3,5,7,2015,291.08646
2015-07-18 01:00:00,4,5,7,2015,290.83813
2015-07-18 02:00:00,5,5,7,2015,289.67273
2015-07-18 03:00:00,6,5,7,2015,290.1252
2015-07-18 04:00:00,7,5,7,2015,290.5392
2015-07-18 05:00:00,8,5,7,2015,294.46075
2015-07-18 06:00:00,9,5,7,2015,295.02597
2015-07-18 07:00:00,10,5,7,2015,295.63193
2015-07-18 08:00:00,11,5,7,2015,301.43314
2015-07-18 09:00:00,12,5,7,2015,301.83868
2015-07-18 10:00:00,13,5,7,2015,304.63937
2015-07-18 11:00:00,14,5,7,2015,304.8411
2015-07-18 12:00:00,15,5,7,2015,304.84216
2015-07-18 13:00:00,16,5,7,2015,304.93213
2015-07-18 14:00:00,17,5,7,2015,305.10364
2015-07-18 15:00:00,18,5,7,2015,304.91916
2015-07-18 16:00:00,19,5,7,2015,304.6664
2015-07-18 17:00:00,20,5,7,2015,300.8722
2015-07-18 18:00:00,21,5,7,2015,300.01736
2015-07-18 19:00:00,22,5,7,2015,299.5077
2015-07-18 20:00:00,23,5,7,2015,294.96042
2015-07-18 21:00:00,0,6,7,2015,294.26038
2015-07-18 22:00:00,1,6,7,2015,292.27515
2015-07-18 23:00:00,2,6,7,2015,292.09128
2015-07-19 00:00:00,3,6,7,2015,291.89514
2015-07-19 01:00:00,4,6,7,2015,291.72714
2015-07-19 02:00:00,5,6,7,2015,290.34933
2015-07-19 03:00:00,6,6,7,2015,290.68082
2015-07-19 04:00:00,7,6,7,2015,291.34634
2015-07-19 05:00:00,8,6,7,2015,295.33746
2015-07-19 06:00:00,9,6,7,2015,295.9842
2015-07-19 07:00:00,10,6,7,2015,296.91437
2015-07-19 08:00:00,11,6,7,2015,302.05792
2015-07-19 09:00:00,12,6,7,2015,302.43826
2015-07-19 10:00:00,13,6,7,2015,305.02402
2015-07-19 11:00:00,14,6,7,2015,305.1521
2015-07-19 12:00:00,15,6,7,2015,305.19067
2015-07-19 13:00:00,16,6,7,2015,305.28113
2015-07-19 14:00:00,17,6,7,2015,305.34705
2015-07-19 15:00:00,18,6,7,2015,305.1034
2015-07-19 16:00:00,19,6,7,2015,304.83334
2015-07-19 17:00:00,20,6,7,2015,300.88132
2015-07-19 18:00:00,21,6,7,2015,299.88928
2015-07-19 19:00:00,22,6,7,2015,299.14786
2015-07-19 20:00:00,23,6,7,2015,295.13635
2015-07-19 21:00:00,0,0,7,2015,294.66248
2015-07-19 22:00:00,1,0,7,2015,292.89282
2015-07-19 23:00:00,2,0,7,2015,292.8559
2015-07-20 00:00:00,3,0,7,2015,292.5638
2015-07-20 01:00:00,4,0,7,2015,292.22385
2015-07-20 02:00:00,5,0,7,2015,290.6568
2015-07-20 03:00:00,6,0,7,2015,291.1183
2015-07-20 04:00:00,7,0,7,2015,291.40744
2015-07-20 05:00:00,8,0,7,2015,294.93808
2015-07-20 06:00:00,9,0,7,2015,295.35535
2015-07-20 07:00:00,10,0,7,2015,295.86853
2015-07-20 08:00:00,11,0,7,2015,301.23886
2015-07-20 09:00:00,12,0,7,2015,301.78897
2015-07-20 10:00:00,13,0,7,2015,304.73764
2015-07-20 11:00:00,14,0,7,2015,304.98923
2015-07-20 12:00:00,15,0,7,2015,305.02332
2015-07-20 13:00:00,16,0,7,2015,305.22354
2015-07-20 14:00:00,17,0,7,2015,305.52505
2015-07-20 15:00:00,18,0,7,2015,305.27994
2015-07-20 16:00:00,19,0,7,2015,304.79578
2015-07-20 17:00:00,20,0,7,2015,300.5517
2015-07-20 18:00:00,21,0,7,2015,299.9559
2015-07-20 19:00:00,22,0,7,2015,300.72244
2015-07-20 20:00:00,23,0,7,2015,297.27643
2015-07-20 21:00:00,0,1,7,2015,296.35938
2015-07-20 22:00:00,1,1,7,2015,295.04803
2015-07-20 23:00:00,2,1,7,2015,294.7437
2015-07-21 00:00:00,3,1,7,2015,293.84158
2015-07-21 01:00:00,4,1,7,2015,293.3467
2015-07-21 02:00:00,5,1,7,2015,291.92578
2015-07-21 03:00:00,6,1,7,2015,292.3164
2015-07-21 04:00:00,7,1,7,2015,292.42615
2015-07-21 05:00:00,8,1,7,2015,295.86572
2015-07-21 06:00:00,9,1,7,2015,296.65915
2015-07-21 07:00:00,10,1,7,2015,297.4196
2015-07-21 08:00:00,11,1,7,2015,301.34674
2015-07-21 09:00:00,12,1,7,2015,301.66214
2015-07-21 10:00:00,13,1,7,2015,303.71744
2015-07-21 11:00:00,14,1,7,2015,303.94455
2015-07-21 12:00:00,15,1,7,2015,303.6248
2015-07-21 13:00:00,16,1,7,2015,303.6658
2015-07-21 14:00:00,17,1,7,2015,303.772
2015-07-21 15:00:00,18,1,7,2015,303.6055
2015-07-21 16:00:00,19,1,7,2015,303.63043
2015-07-21 17:00:00,20,1,7,2015,300.5701
2015-07-21 18:00:00,21,1,7,2015,300.28952
2015-07-21 19:00:00,22,1,7,2015,299.96606
2015-07-21 20:00:00,23,1,7,2015,296.1549
2015-07-21 21:00:00,0,2,7,2015,295.81665
2015-07-21 22:00:00,1,2,7,2015,293.56448
2015-07-21 23:00:00,2,2,7,2015,292.91742
2015-07-22 00:00:00,3,2,7,2015,292.7836
2015-07-22 01:00:00,4,2,7,2015,292.67358
2015-07-22 02:00:00,5,2,7,2015,291.44043
2015-07-22 03:00:00,6,2,7,2015,291.94446
2015-07-22 04:00:00,7,2,7,2015,292.13065
2015-07-22 05:00:00,8,2,7,2015,295.67883
2015-07-22 06:00:00,9,2,7,2015,296.13135
2015-07-22 07:00:00,10,2,7,2015,296.64142
2015-07-22 08:00:00,11,2,7,2015,301.71036
2015-07-22 09:00:00,12,2,7,2015,302.03522
2015-07-22 10:00:00,13,2,7,2015,304.4423
2015-07-22 11:00:00,14,2,7,2015,304.49655
2015-07-22 12:00:00,15,2,7,2015,304.46616
2015-07-22 13:00:00,16,2,7,2015,304.4638
2015-07-22 14:00:00,17,2,7,2015,304.599
2015-07-22 15:00:00,18,2,7,2015,304.3249
2015-07-22 16:00:00,19,2,7,2015,304.04086
2015-07-22 17:00:00,20,2,7,2015,300.47974
2015-07-22 18:00:00,21,2,7,2015,299.71768
2015-07-22 19:00:00,22,2,7,2015,299.29446
2015-07-22 20:00:00,23,2,7,2015,295.74728
2015-07-22 21:00:00,0,3,7,2015,295.57504
2015-07-22 22:00:00,1,3,7,2015,293.09775
2015-07-22 23:00:00,2,3,7,2015,292.73276
2015-07-23 00:00:00,3,3,7,2015,292.51227
2015-07-23 01:00:00,4,3,7,2015,292.2232
2015-07-23 02:00:00,5,3,7,2015,290.84082
2015-07-23 03:00:00,6,3,7,2015,290.9552
2015-07-23 04:00:00,7,3,7,2015,291.32434
2015-07-23 05:00:00,8,3,7,2015,295.10907
2015-07-23 06:00:00,9,3,7,2015,295.60248
2015-07-23 07:00:00,10,3,7,2015,296.2513
2015-07-23 08:00:00,11,3,7,2015,301.08655
2015-07-23 09:00:00,12,3,7,2015,301.39838
2015-07-23 10:00:00,13,3,7,2015,303.6277
2015-07-23 11:00:00,14,3,7,2015,303.65814
2015-07-23 12:00:00,15,3,7,2015,303.76917
2015-07-23 13:00:00,16,3,7,2015,303.77145
2015-07-23 14:00:00,17,3,7,2015,303.78687
2015-07-23 15:00:00,18,3,7,2015,303.73596
2015-07-23 16:00:00,19,3,7,2015,303.5238
2015-07-23 17:00:00,20,3,7,2015,299.83783
2015-07-23 18:00:00,21,3,7,2015,298.8038
2015-07-23 19:00:00,22,3,7,2015,298.44763
2015-07-23 20:00:00,23,3,7,2015,294.15994
2015-07-23 21:00:00,0,4,7,2015,293.74496
2015-07-23 22:00:00,1,4,7,2015,291.2516
2015-07-23 23:00:00,2,4,7,2015,290.94788
2015-07-24 00:00:00,3,4,7,2015,290.68958
2015-07-24 01:00:00,4,4,7,2015,290.67654
2015-07-24 02:00:00,5,4,7,2015,289.25397
2015-07-24 03:00:00,6,4,7,2015,289.81732
2015-07-24 04:00:00,7,4,7,2015,289.96628
2015-07-24 05:00:00,8,4,7,2015,294.06183
2015-07-24 06:00:00,9,4,7,2015,294.5471
2015-07-24 07:00:00,10,4,7,2015,295.4191
2015-07-24 08:00:00,11,4,7,2015,299.91946
2015-07-24 09:00:00,12,4,7,2015,300.25964
2015-07-24 10:00:00,13,4,7,2015,302.8404
2015-07-24 11:00:00,14,4,7,2015,302.9165
2015-07-24 12:00:00,15,4,7,2015,302.85785
2015-07-24 13:00:00,16,4,7,2015,302.95898
2015-07-24 14:00:00,17,4,7,2015,303.1338
2015-07-24 15:00:00,18,4,7,2015,303.01526
2015-07-24 16:00:00,19,4,7,2015,302.751
2015-07-24 17:00:00,20,4,7,2015,299.15146
2015-07-24 18:00:00,21,4,7,2015,297.94348
2015-07-24 19:00:00,22,4,7,2015,297.78778
2015-07-24 20:00:00,23,4,7,2015,293.99524
2015-07-24 21:00:00,0,5,7,2015,293.3224
2015-07-24 22:00:00,1,5,7,2015,290.73962
2015-07-24 23:00:00,2,5,7,2015,290.89005
2015-07-25 00:00:00,3,5,7,2015,291.17606
2015-07-25 01:00:00,4,5,7,2015,291.0736
2015-07-25 02:00:00,5,5,7,2015,289.43835
2015-07-25 03:00:00,6,5,7,2015,289.99268
2015-07-25 04:00:00,7,5,7,2015,290.25845
2015-07-25 05:00:00,8,5,7,2015,293.86084
2015-07-25 06:00:00,9,5,7,2015,294.4661
2015-07-25 07:00:00,10,5,7,2015,294.98425
2015-07-25 08:00:00,11,5,7,2015,300.3861
2015-07-25 09:00:00,12,5,7,2015,300.76776
2015-07-25 10:00:00,13,5,7,2015,303.28662
2015-07-25 11:00:00,14,5,7,2015,303.50183
2015-07-25 12:00:00,15,5,7,2015,303.62173
2015-07-25 13:00:00,16,5,7,2015,303.82477
2015-07-25 14:00:00,17,5,7,2015,303.92712
2015-07-25 15:00:00,18,5,7,2015,303.85147
2015-07-25 16:00:00,19,5,7,2015,303.86124
2015-07-25 17:00:00,20,5,7,2015,300.29398
2015-07-25 18:00:00,21,5,7,2015,299.71933
2015-07-25 19:00:00,22,5,7,2015,299.42096
2015-07-25 20:00:00,23,5,7,2015,295.86255
2015-07-25 21:00:00,0,6,7,2015,295.48477
2015-07-25 22:00:00,1,6,7,2015,292.8873
2015-07-25 23:00:00,2,6,7,2015,292.69836
2015-07-26 00:00:00,3,6,7,2015,292.48633
2015-07-26 01:00:00,4,6,7,2015,292.18674
2015-07-26 02:00:00,5,6,7,2015,290.9208
2015-07-26 03:00:00,6,6,7,2015,291.49133
2015-07-26 04:00:00,7,6,7,2015,291.1291
2015-07-26 05:00:00,8,6,7,2015,294.71066
2015-07-26 06:00:00,9,6,7,2015,295.35522
2015-07-26 07:00:00,10,6,7,2015,297.00232
2015-07-26 08:00:00,11,6,7,2015,301.99326
2015-07-26 09:00:00,12,6,7,2015,302.4029
2015-07-26 10:00:00,13,6,7,2015,304.63242
2015-07-26 11:00:00,14,6,7,2015,304.72675
2015-07-26 12:00:00,15,6,7,2015,304.97867
2015-07-26 13:00:00,16,6,7,2015,304.77893
2015-07-26 14:00:00,17,6,7,2015,303.95596
2015-07-26 15:00:00,18,6,7,2015,303.91837
2015-07-26 16:00:00,19,6,7,2015,303.3272
2015-07-26 17:00:00,20,6,7,2015,300.40244
2015-07-26 18:00:00,21,6,7,2015,298.88892
2015-07-26 19:00:00,22,6,7,2015,298.25922
2015-07-26 20:00:00,23,6,7,2015,295.61566
2015-07-26 21:00:00,0,0,7,2015,295.1437
2015-07-26 22:00:00,1,0,7,2015,293.96878
2015-07-26 23:00:00,2,0,7,2015,293.98444
2015-07-27 00:00:00,3,0,7,2015,293.54724
2015-07-27 01:00:00,4,0,7,2015,293.34708
2015-07-27 02:00:00,5,0,7,2015,292.17957
2015-07-27 03:00:00,6,0,7,2015,292.71582
2015-07-27 04:00:00,7,0,7,2015,292.0429
2015-07-27 05:00:00,8,0,7,2015,294.7291
2015-07-27 06:00:00,9,0,7,2015,294.98764
2015-07-27 07:00:00,10,0,7,2015,295.4352
2015-07-27 08:00:00,11,0,7,2015,300.13318
2015-07-27 09:00:00,12,0,7,2015,300.5966
2015-07-27 10:00:00,13,0,7,2015,303.46384
2015-07-27 11:00:00,14,0,7,2015,303.65222
2015-07-27 12:00:00,15,0,7,2015,303.72006
2015-07-27 13:00:00,16,0,7,2015,303.91833
2015-07-27 14:00:00,17,0,7,2015,304.45886
2015-07-27 15:00:00,18,0,7,2015,304.22482
2015-07-27 16:00:00,19,0,7,2015,303.9872
2015-07-27 17:00:00,20,0,7,2015,300.7395
2015-07-27 18:00:00,21,0,7,2015,299.89008
2015-07-27 19:00:00,22,0,7,2015,299.40906
2015-07-27 20:00:00,23,0,7,2015,296.2495
2015-07-27 21:00:00,0,1,7,2015,295.61563
2015-07-27 22:00:00,1,1,7,2015,295.2582
2015-07-27 23:00:00,2,1,7,2015,295.34836
2015-07-28 00:00:00,3,1,7,2015,294.93954
2015-07-28 01:00:00,4,1,7,2015,294.65054
2015-07-28 02:00:00,5,1,7,2015,292.95905
2015-07-28 03:00:00,6,1,7,2015,293.02917
2015-07-28 04:00:00,7,1,7,2015,293.4564
2015-07-28 05:00:00,8,1,7,2015,295.70514
2015-07-28 06:00:00,9,1,7,2015,296.0864
2015-07-28 07:00:00,10,1,7,2015,296.4974
2015-07-28 08:00:00,11,1,7,2015,300.18216
2015-07-28 09:00:00,12,1,7,2015,300.8395
2015-07-28 10:00:00,13,1,7,2015,303.85526
2015-07-28 11:00:00,14,1,7,2015,303.87485
2015-07-28 12:00:00,15,1,7,2015,303.9271
2015-07-28 13:00:00,16,1,7,2015,303.90234
2015-07-28 14:00:00,17,1,7,2015,304.46683
2015-07-28 15:00:00,18,1,7,2015,304.12955
2015-07-28 16:00:00,19,1,7,2015,303.76633
2015-07-28 17:00:00,20,1,7,2015,300.5426
2015-07-28 18:00:00,21,1,7,2015,299.7895
2015-07-28 19:00:00,22,1,7,2015,299.8097
2015-07-28 20:00:00,23,1,7,2015,295.93497
2015-07-28 21:00:00,0,2,7,2015,295.89508
2015-07-28 22:00:00,1,2,7,2015,293.81357
2015-07-28 23:00:00,2,2,7,2015,293.22455
2015-07-29 00:00:00,3,2,7,2015,293.12674
2015-07-29 01:00:00,4,2,7,2015,292.87997
2015-07-29 02:00:00,5,2,7,2015,291.9351
2015-07-29 03:00:00,6,2,7,2015,292.2466
2015-07-29 04:00:00,7,2,7,2015,292.67484
2015-07-29 05:00:00,8,2,7,2015,295.6905
2015-07-29 06:00:00,9,2,7,2015,296.2657
2015-07-29 07:00:00,10,2,7,2015,297.063
2015-07-29 08:00:00,11,2,7,2015,301.93304
2015-07-29 09:00:00,12,2,7,2015,302.33908
2015-07-29 10:00:00,13,2,7,2015,305.6964
2015-07-29 11:00:00,14,2,7,2015,305.84656
2015-07-29 12:00:00,15,2,7,2015,305.95847
2015-07-29 13:00:00,16,2,7,2015,305.98108
2015-07-29 14:00:00,17,2,7,2015,306.4975
2015-07-29 15:00:00,18,2,7,2015,306.38083
2015-07-29 16:00:00,19,2,7,2015,306.27063
2015-07-29 17:00:00,20,2,7,2015,302.3368
2015-07-29 18:00:00,21,2,7,2015,301.9441
2015-07-29 19:00:00,22,2,7,2015,301.33435
2015-07-29 20:00:00,23,2,7,2015,297.88425
2015-07-29 21:00:00,0,3,7,2015,297.22345
2015-07-29 22:00:00,1,3,7,2015,294.7254
2015-07-29 23:00:00,2,3,7,2015,294.7087
2015-07-30 00:00:00,3,3,7,2015,295.00058
2015-07-30 01:00:00,4,3,7,2015,294.8363
2015-07-30 02:00:00,5,3,7,2015,293.52988
2015-07-30 03:00:00,6,3,7,2015,293.75558
2015-07-30 04:00:00,7,3,7,2015,293.81497
2015-07-30 05:00:00,8,3,7,2015,296.91663
2015-07-30 06:00:00,9,3,7,2015,297.39075
2015-07-30 07:00:00,10,3,7,2015,298.15915
2015-07-30 08:00:00,11,3,7,2015,303.1554
2015-07-30 09:00:00,12,3,7,2015,303.74298
2015-07-30 10:00:00,13,3,7,2015,306.87125
2015-07-30 11:00:00,14,3,7,2015,306.90857
2015-07-30 12:00:00,15,3,7,2015,306.9919
2015-07-30 13:00:00,16,3,7,2015,306.98453
2015-07-30 14:00:00,17,3,7,2015,306.7787
2015-07-30 15:00:00,18,3,7,2015,306.76193
2015-07-30 16:00:00,19,3,7,2015,306.33484
2015-07-30 17:00:00,20,3,7,2015,302.20804
2015-07-30 18:00:00,21,3,7,2015,301.5429
2015-07-30 19:00:00,22,3,7,2015,301.2198
2015-07-30 20:00:00,23,3,7,2015,297.44186
2015-07-30 21:00:00,0,4,7,2015,296.8432
2015-07-30 22:00:00,1,4,7,2015,295.20258
2015-07-30 23:00:00,2,4,7,2015,295.68658
2015-07-31 00:00:00,3,4,7,2015,295.40915
2015-07-31 01:00:00,4,4,7,2015,295.05792
2015-07-31 02:00:00,5,4,7,2015,293.85553
2015-07-31 03:00:00,6,4,7,2015,294.10406
2015-07-31 04:00:00,7,4,7,2015,294.22397
2015-07-31 05:00:00,8,4,7,2015,295.48572
2015-07-31 06:00:00,9,4,7,2015,295.82864
2015-07-31 07:00:00,10,4,7,2015,296.23853
2015-07-31 08:00:00,11,4,7,2015,299.23672
2015-07-31 09:00:00,12,4,7,2015,299.23294
2015-07-31 10:00:00,13,4,7,2015,301.2819
2015-07-31 11:00:00,14,4,7,2015,301.39542
2015-07-31 12:00:00,15,4,7,2015,301.43063
2015-07-31 13:00:00,16,4,7,2015,301.2095
2015-07-31 14:00:00,17,4,7,2015,300.6158
2015-07-31 15:00:00,18,4,7,2015,299.52023
2015-07-31 16:00:00,19,4,7,2015,299.41498
2015-07-31 17:00:00,20,4,7,2015,296.0116
2015-07-31 18:00:00,21,4,7,2015,295.65643
2015-07-31 19:00:00,22,4,7,2015,295.52942
2015-07-31 20:00:00,23,4,7,2015,293.29852
2015-07-31 21:00:00,0,5,8,2015,293.19604
2015-07-31 22:00:00,1,5,8,2015,292.68933
2015-07-31 23:00:00,2,5,8,2015,292.13928
2015-08-01 00:00:00,3,5,8,2015,291.60693
2015-08-01 01:00:00,4,5,8,2015,291.39163
2015-08-01 02:00:00,5,5,8,2015,290.12735
2015-08-01 03:00:00,6,5,8,2015,290.37872
2015-08-01 04:00:00,7,5,8,2015,290.16876
2015-08-01 05:00:00,8,5,8,2015,291.46594
2015-08-01 06:00:00,9,5,8,2015,292.73898
2015-08-01 07:00:00,10,5,8,2015,293.0373
2015-08-01 08:00:00,11,5,8,2015,295.60657
2015-08-01 09:00:00,12,5,8,2015,296.11026
2015-08-01 10:00:00,13,5,8,2015,298.9298
2015-08-01 11:00:00,14,5,8,2015,298.66302
2015-08-01 12:00:00,15,5,8,2015,298.37695
2015-08-01 13:00:00,16,5,8,2015,298.41016
2015-08-01 14:00:00,17,5,8,2015,299.0181
2015-08-01 15:00:00,18,5,8,2015,298.9569
2015-08-01 16:00:00,19,5,8,2015,298.63123
2015-08-01 17:00:00,20,5,8,2015,296.46112
2015-08-01 18:00:00,21,5,8,2015,295.96378
2015-08-01 19:00:00,22,5,8,2015,295.82367
2015-08-01 20:00:00,23,5,8,2015,293.2699
2015-08-01 21:00:00,0,6,8,2015,292.89432
2015-08-01 22:00:00,1,6,8,2015,291.83844
2015-08-01 23:00:00,2,6,8,2015,291.75745
2015-08-02 00:00:00,3,6,8,2015,291.627
2015-08-02 01:00:00,4,6,8,2015,291.7363
2015-08-02 02:00:00,5,6,8,2015,291.06323
2015-08-02 03:00:00,6,6,8,2015,291.27603
2015-08-02 04:00:00,7,6,8,2015,291.3236
2015-08-02 05:00:00,8,6,8,2015,293.8065
2015-08-02 06:00:00,9,6,8,2015,294.216
2015-08-02 07:00:00,10,6,8,2015,294.6591
2015-08-02 08:00:00,11,6,8,2015,298.8032
2015-08-02 09:00:00,12,6,8,2015,299.4749
2015-08-02 10:00:00,13,6,8,2015,301.43652
2015-08-02 11:00:00,14,6,8,2015,301.27145
2015-08-02 12:00:00,15,6,8,2015,301.37006
2015-08-02 13:00:00,16,6,8,2015,301.42108
2015-08-02 14:00:00,17,6,8,2015,301.35843
2015-08-02 15:00:00,18,6,8,2015,301.74847
2015-08-02 16:00:00,19,6,8,2015,301.81012
2015-08-02 17:00:00,20,6,8,2015,299.0231
2015-08-02 18:00:00,21,6,8,2015,298.4849
2015-08-02 19:00:00,22,6,8,2015,298.27686
2015-08-02 20:00:00,23,6,8,2015,295.15106
2015-08-02 21:00:00,0,0,8,2015,294.59338
2015-08-02 22:00:00,1,0,8,2015,292.59735
2015-08-02 23:00:00,2,0,8,2015,292.57397
2015-08-03 00:00:00,3,0,8,2015,292.35303
2015-08-03 01:00:00,4,0,8,2015,292.3174
2015-08-03 02:00:00,5,0,8,2015,291.07593
2015-08-03 03:00:00,6,0,8,2015,291.15118
2015-08-03 04:00:00,7,0,8,2015,291.31232
2015-08-03 05:00:00,8,0,8,2015,293.89133
2015-08-03 06:00:00,9,0,8,2015,294.35876
2015-08-03 07:00:00,10,0,8,2015,294.82886
2015-08-03 08:00:00,11,0,8,2015,299.57108
2015-08-03 09:00:00,12,0,8,2015,299.94144
2015-08-03 10:00:00,13,0,8,2015,302.56805
2015-08-03 11:00:00,14,0,8,2015,302.5908
2015-08-03 12:00:00,15,0,8,2015,302.59415
2015-08-03 13:00:00,16,0,8,2015,302.56873
2015-08-03 14:00:00,17,0,8,2015,302.21164
2015-08-03 15:00:00,18,0,8,2015,301.79636
2015-08-03 16:00:00,19,0,8,2015,301.3358
2015-08-03 17:00:00,20,0,8,2015,297.9964
2015-08-03 18:00:00,21,0,8,2015,297.11166
2015-08-03 19:00:00,22,0,8,2015,296.75574
2015-08-03 20:00:00,23,0,8,2015,293.58212
2015-08-03 21:00:00,0,1,8,2015,293.29523
2015-08-03 22:00:00,1,1,8,2015,291.9373
2015-08-03 23:00:00,2,1,8,2015,291.68307
2015-08-04 00:00:00,3,1,8,2015,291.16132
2015-08-04 01:00:00,4,1,8,2015,291.11343
2015-08-04 02:00:00,5,1,8,2015,290.1863
2015-08-04 03:00:00,6,1,8,2015,290.66443
2015-08-04 04:00:00,7,1,8,2015,290.6778
2015-08-04 05:00:00,8,1,8,2015,293.96414
2015-08-04 06:00:00,9,1,8,2015,294.5973
2015-08-04 07:00:00,10,1,8,2015,295.2995
2015-08-04 08:00:00,11,1,8,2015,300.59616
2015-08-04 09:00:00,12,1,8,2015,300.88925
2015-08-04 10:00:00,13,1,8,2015,303.5325
2015-08-04 11:00:00,14,1,8,2015,303.81534
2015-08-04 12:00:00,15,1,8,2015,303.76746
2015-08-04 13:00:00,16,1,8,2015,303.71918
2015-08-04 14:00:00,17,1,8,2015,303.79898
2015-08-04 15:00:00,18,1,8,2015,303.53
2015-08-04 16:00:00,19,1,8,2015,303.42838
2015-08-04 17:00:00,20,1,8,2015,299.86734
2015-08-04 18:00:00,21,1,8,2015,299.14337
2015-08-04 19:00:00,22,1,8,2015,298.67905
2015-08-04 20:00:00,23,1,8,2015,295.34256
2015-08-04 21:00:00,0,2,8,2015,294.99554
2015-08-04 22:00:00,1,2,8,2015,293.56647
2015-08-04 23:00:00,2,2,8,2015,293.27512
2015-08-05 00:00:00,3,2,8,2015,293.5203
2015-08-05 01:00:00,4,2,8,2015,293.29486
2015-08-05 02:00:00,5,2,8,2015,292.4192
2015-08-05 03:00:00,6,2,8,2015,292.8235
2015-08-05 04:00:00,7,2,8,2015,292.55804
2015-08-05 05:00:00,8,2,8,2015,294.81656
2015-08-05 06:00:00,9,2,8,2015,295.56546
2015-08-05 07:00:00,10,2,8,2015,296.4034
2015-08-05 08:00:00,11,2,8,2015,300.53467
2015-08-05 09:00:00,12,2,8,2015,301.68573
2015-08-05 10:00:00,13,2,8,2015,304.0567
2015-08-05 11:00:00,14,2,8,2015,304.3278
2015-08-05 12:00:00,15,2,8,2015,304.608
2015-08-05 13:00:00,16,2,8,2015,304.69125
2015-08-05 14:00:00,17,2,8,2015,303.60025
2015-08-05 15:00:00,18,2,8,2015,302.77567
2015-08-05 16:00:00,19,2,8,2015,302.82532
2015-08-05 17:00:00,20,2,8,2015,300.10388
2015-08-05 18:00:00,21,2,8,2015,300.0054
2015-08-05 19:00:00,22,2,8,2015,299.87183
2015-08-05 20:00:00,23,2,8,2015,297.1477
2015-08-05 21:00:00,0,3,8,2015,296.61417
2015-08-05 22:00:00,1,3,8,2015,294.22177
2015-08-05 23:00:00,2,3,8,2015,293.96112
2015-08-06 00:00:00,3,3,8,2015,294.03113
2015-08-06 01:00:00,4,3,8,2015,294.15515
2015-08-06 02:00:00,5,3,8,2015,293.44977
2015-08-06 03:00:00,6,3,8,2015,293.544
2015-08-06 04:00:00,7,3,8,2015,293.25833
2015-08-06 05:00:00,8,3,8,2015,295.4286
2015-08-06 06:00:00,9,3,8,2015,295.87012
2015-08-06 07:00:00,10,3,8,2015,296.76117
2015-08-06 08:00:00,11,3,8,2015,299.6876
2015-08-06 09:00:00,12,3,8,2015,301.1191
2015-08-06 10:00:00,13,3,8,2015,302.63705
2015-08-06 11:00:00,14,3,8,2015,303.01608
2015-08-06 12:00:00,15,3,8,2015,303.36047
2015-08-06 13:00:00,16,3,8,2015,303.40546
2015-08-06 14:00:00,17,3,8,2015,303.51355
2015-08-06 15:00:00,18,3,8,2015,303.22888
2015-08-06 16:00:00,19,3,8,2015,302.93225
2015-08-06 17:00:00,20,3,8,2015,299.84042
2015-08-06 18:00:00,21,3,8,2015,299.50378
2015-08-06 19:00:00,22,3,8,2015,299.20282
2015-08-06 20:00:00,23,3,8,2015,296.3419
2015-08-06 21:00:00,0,4,8,2015,295.58502
2015-08-06 22:00:00,1,4,8,2015,293.93616
2015-08-06 23:00:00,2,4,8,2015,293.78644
2015-08-07 00:00:00,3,4,8,2015,293.5242
2015-08-07 01:00:00,4,4,8,2015,293.3931
2015-08-07 02:00:00,5,4,8,2015,292.3803
2015-08-07 03:00:00,6,4,8,2015,292.5015
2015-08-07 04:00:00,7,4,8,2015,292.6449
2015-08-07 05:00:00,8,4,8,2015,295.28726
2015-08-07 06:00:00,9,4,8,2015,296.08743
2015-08-07 07:00:00,10,4,8,2015,296.8184
2015-08-07 08:00:00,11,4,8,2015,301.6038
2015-08-07 09:00:00,12,4,8,2015,301.78796
2015-08-07 10:00:00,13,4,8,2015,304.17966
2015-08-07 11:00:00,14,4,8,2015,304.13284
2015-08-07 12:00:00,15,4,8,2015,304.01474
2015-08-07 13:00:00,16,4,8,2015,304.28894
2015-08-07 14:00:00,17,4,8,2015,304.1473
2015-08-07 15:00:00,18,4,8,2015,303.60654
2015-08-07 16:00:00,19,4,8,2015,303.38507
2015-08-07 17:00:00,20,4,8,2015,299.69464
2015-08-07 18:00:00,21,4,8,2015,299.37073
2015-08-07 19:00:00,22,4,8,2015,298.8936
2015-08-07 20:00:00,23,4,8,2015,295.301
2015-08-07 21:00:00,0,5,8,2015,294.94107
2015-08-07 22:00:00,1,5,8,2015,292.66214
2015-08-07 23:00:00,2,5,8,2015,292.44012
2015-08-08 00:00:00,3,5,8,2015,292.05692
2015-08-08 01:00:00,4,5,8,2015,291.8881
2015-08-08 02:00:00,5,5,8,2015,290.86536
2015-08-08 03:00:00,6,5,8,2015,291.04724
2015-08-08 04:00:00,7,5,8,2015,291.13113
2015-08-08 05:00:00,8,5,8,2015,293.82
2015-08-08 06:00:00,9,5,8,2015,294.6071
2015-08-08 07:00:00,10,5,8,2015,295.1207
2015-08-08 08:00:00,11,5,8,2015,299.8341
2015-08-08 09:00:00,12,5,8,2015,300.23816
2015-08-08 10:00:00,13,5,8,2015,302.11566
2015-08-08 11:00:00,14,5,8,2015,302.16895
2015-08-08 12:00:00,15,5,8,2015,302.22418
2015-08-08 13:00:00,16,5,8,2015,302.2659
2015-08-08 14:00:00,17,5,8,2015,302.19315
2015-08-08 15:00:00,18,5,8,2015,302.0088
2015-08-08 16:00:00,19,5,8,2015,301.83438
2015-08-08 17:00:00,20,5,8,2015,298.10318
2015-08-08 18:00:00,21,5,8,2015,297.68942
2015-08-08 19:00:00,22,5,8,2015,297.2654
2015-08-08 20:00:00,23,5,8,2015,293.12415
2015-08-08 21:00:00,0,6,8,2015,292.68985
2015-08-08 22:00:00,1,6,8,2015,290.86682
2015-08-08 23:00:00,2,6,8,2015,290.82413
2015-08-09 00:00:00,3,6,8,2015,290.73886
2015-08-09 01:00:00,4,6,8,2015,290.60828
2015-08-09 02:00:00,5,6,8,2015,289.2434
2015-08-09 03:00:00,6,6,8,2015,289.5537
2015-08-09 04:00:00,7,6,8,2015,289.48108
2015-08-09 05:00:00,8,6,8,2015,292.69318
2015-08-09 06:00:00,9,6,8,2015,293.28537
2015-08-09 07:00:00,10,6,8,2015,294.00516
2015-08-09 08:00:00,11,6,8,2015,299.37634
2015-08-09 09:00:00,12,6,8,2015,299.88846
2015-08-09 10:00:00,13,6,8,2015,302.20862
2015-08-09 11:00:00,14,6,8,2015,302.4543
2015-08-09 12:00:00,15,6,8,2015,302.56763
2015-08-09 13:00:00,16,6,8,2015,302.67624
2015-08-09 14:00:00,17,6,8,2015,302.8346
2015-08-09 15:00:00,18,6,8,2015,302.75156
2015-08-09 16:00:00,19,6,8,2015,302.3711
2015-08-09 17:00:00,20,6,8,2015,298.68222
2015-08-09 18:00:00,21,6,8,2015,297.88596
2015-08-09 19:00:00,22,6,8,2015,297.13367
2015-08-09 20:00:00,23,6,8,2015,293.55182
2015-08-09 21:00:00,0,0,8,2015,293.25577
2015-08-09 22:00:00,1,0,8,2015,290.93372
2015-08-09 23:00:00,2,0,8,2015,290.537
2015-08-10 00:00:00,3,0,8,2015,290.53503
2015-08-10 01:00:00,4,0,8,2015,290.68243
2015-08-10 02:00:00,5,0,8,2015,289.49518
2015-08-10 03:00:00,6,0,8,2015,289.80374
2015-08-10 04:00:00,7,0,8,2015,290.0038
2015-08-10 05:00:00,8,0,8,2015,293.2026
2015-08-10 06:00:00,9,0,8,2015,293.6044
2015-08-10 07:00:00,10,0,8,2015,294.9645
2015-08-10 08:00:00,11,0,8,2015,300.33643
2015-08-10 09:00:00,12,0,8,2015,300.4426
2015-08-10 10:00:00,13,0,8,2015,302.97113
2015-08-10 11:00:00,14,0,8,2015,302.91205
2015-08-10 12:00:00,15,0,8,2015,302.82755
2015-08-10 13:00:00,16,0,8,2015,302.9867
2015-08-10 14:00:00,17,0,8,2015,302.97705
2015-08-10 15:00:00,18,0,8,2015,302.7815
2015-08-10 16:00:00,19,0,8,2015,302.5787
2015-08-10 17:00:00,20,0,8,2015,298.71826
2015-08-10 18:00:00,21,0,8,2015,297.64804
2015-08-10 19:00:00,22,0,8,2015,297.95193
2015-08-10 20:00:00,23,0,8,2015,294.50818
2015-08-10 21:00:00,0,1,8,2015,293.8234
2015-08-10 22:00:00,1,1,8,2015,292.0778
2015-08-10 23:00:00,2,1,8,2015,291.78656
2015-08-11 00:00:00,3,1,8,2015,291.47742
2015-08-11 01:00:00,4,1,8,2015,291.58075
2015-08-11 02:00:00,5,1,8,2015,290.64954
2015-08-11 03:00:00,6,1,8,2015,290.96118
2015-08-11 04:00:00,7,1,8,2015,290.89844
2015-08-11 05:00:00,8,1,8,2015,293.29865
2015-08-11 06:00:00,9,1,8,2015,294.0408
2015-08-11 07:00:00,10,1,8,2015,295.78055
2015-08-11 08:00:00,11,1,8,2015,300.867
2015-08-11 09:00:00,12,1,8,2015,301.371
2015-08-11 10:00:00,13,1,8,2015,304.2213
2015-08-11 11:00:00,14,1,8,2015,304.3612
2015-08-11 12:00:00,15,1,8,2015,304.219
2015-08-11 13:00:00,16,1,8,2015,304.0183
2015-08-11 14:00:00,17,1,8,2015,303.86502
2015-08-11 15:00:00,18,1,8,2015,303.7235
2015-08-11 16:00:00,19,1,8,2015,303.4079
2015-08-11 17:00:00,20,1,8,2015,299.1768
2015-08-11 18:00:00,21,1,8,2015,298.07776
2015-08-11 19:00:00,22,1,8,2015,298.4758
2015-08-11 20:00:00,23,1,8,2015,295.601
2015-08-11 21:00:00,0,2,8,2015,295.3827
2015-08-11 22:00:00,1,2,8,2015,294.20013
2015-08-11 23:00:00,2,2,8,2015,293.7585
2015-08-12 00:00:00,3,2,8,2015,293.20438
2015-08-12 01:00:00,4,2,8,2015,292.66766
2015-08-12 02:00:00,5,2,8,2015,291.6381
2015-08-12 03:00:00,6,2,8,2015,292.24188
2015-08-12 04:00:00,7,2,8,2015,291.7486
2015-08-12 05:00:00,8,2,8,2015,294.30936
2015-08-12 06:00:00,9,2,8,2015,295.24887
2015-08-12 07:00:00,10,2,8,2015,296.8289
2015-08-12 08:00:00,11,2,8,2015,302.41397
2015-08-12 09:00:00,12,2,8,2015,302.70624
2015-08-12 10:00:00,13,2,8,2015,305.4668
2015-08-12 11:00:00,14,2,8,2015,305.5243
2015-08-12 12:00:00,15,2,8,2015,305.72205
2015-08-12 13:00:00,16,2,8,2015,305.3557
2015-08-12 14:00:00,17,2,8,2015,303.1539
2015-08-12 15:00:00,18,2,8,2015,302.6398
2015-08-12 16:00:00,19,2,8,2015,302.7405
2015-08-12 17:00:00,20,2,8,2015,299.7296
2015-08-12 18:00:00,21,2,8,2015,299.5337
2015-08-12 19:00:00,22,2,8,2015,299.27155
2015-08-12 20:00:00,23,2,8,2015,296.14563
2015-08-12 21:00:00,0,3,8,2015,296.00363
2015-08-12 22:00:00,1,3,8,2015,293.6089
2015-08-12 23:00:00,2,3,8,2015,293.6775
2015-08-13 00:00:00,3,3,8,2015,293.29153
2015-08-13 01:00:00,4,3,8,2015,292.84534
2015-08-13 02:00:00,5,3,8,2015,291.45285
2015-08-13 03:00:00,6,3,8,2015,291.65433
2015-08-13 04:00:00,7,3,8,2015,291.89578
2015-08-13 05:00:00,8,3,8,2015,294.77646
2015-08-13 06:00:00,9,3,8,2015,295.44604
2015-08-13 07:00:00,10,3,8,2015,296.52682
2015-08-13 08:00:00,11,3,8,2015,301.96915
2015-08-13 09:00:00,12,3,8,2015,302.20813
2015-08-13 10:00:00,13,3,8,2015,305.25162
2015-08-13 11:00:00,14,3,8,2015,305.35394
2015-08-13 12:00:00,15,3,8,2015,305.0629
2015-08-13 13:00:00,16,3,8,2015,305.0859
2015-08-13 14:00:00,17,3,8,2015,303.7438
2015-08-13 15:00:00,18,3,8,2015,303.8329
2015-08-13 16:00:00,19,3,8,2015,303.43494
2015-08-13 17:00:00,20,3,8,2015,299.08994
2015-08-13 18:00:00,21,3,8,2015,299.5108
2015-08-13 19:00:00,22,3,8,2015,299.37506
2015-08-13 20:00:00,23,3,8,2015,296.3375
2015-08-13 21:00:00,0,4,8,2015,295.7192
2015-08-13 22:00:00,1,4,8,2015,293.83752
2015-08-13 23:00:00,2,4,8,2015,293.34998
2015-08-14 00:00:00,3,4,8,2015,293.08228
2015-08-14 01:00:00,4,4,8,2015,292.95984
2015-08-14 02:00:00,5,4,8,2015,291.82245
2015-08-14 03:00:00,6,4,8,2015,292.01636
2015-08-14 04:00:00,7,4,8,2015,291.9203
2015-08-14 05:00:00,8,4,8,2015,294.00812
2015-08-14 06:00:00,9,4,8,2015,294.76047
2015-08-14 07:00:00,10,4,8,2015,296.30945
2015-08-14 08:00:00,11,4,8,2015,300.91483
2015-08-14 09:00:00,12,4,8,2015,301.3081
2015-08-14 10:00:00,13,4,8,2015,304.00122
2015-08-14 11:00:00,14,4,8,2015,304.12708
2015-08-14 12:00:00,15,4,8,2015,304.25598
2015-08-14 13:00:00,16,4,8,2015,304.18082
2015-08-14 14:00:00,17,4,8,2015,303.27844
2015-08-14 15:00:00,18,4,8,2015,302.52716
2015-08-14 16:00:00,19,4,8,2015,302.6088
2015-08-14 17:00:00,20,4,8,2015,298.85608
2015-08-14 18:00:00,21,4,8,2015,298.50632
2015-08-14 19:00:00,22,4,8,2015,298.35168
2015-08-14 20:00:00,23,4,8,2015,295.18466
2015-08-14 21:00:00,0,5,8,2015,294.74347
2015-08-14 22:00:00,1,5,8,2015,293.31165
2015-08-14 23:00:00,2,5,8,2015,293.0122
2015-08-15 00:00:00,3,5,8,2015,292.62244
2015-08-15 01:00:00,4,5,8,2015,292.54462
2015-08-15 02:00:00,5,5,8,2015,291.48032
2015-08-15 03:00:00,6,5,8,2015,291.5678
2015-08-15 04:00:00,7,5,8,2015,291.4145
2015-08-15 05:00:00,8,5,8,2015,294.23346
2015-08-15 06:00:00,9,5,8,2015,294.78983
2015-08-15 07:00:00,10,5,8,2015,295.93784
2015-08-15 08:00:00,11,5,8,2015,301.43982
2015-08-15 09:00:00,12,5,8,2015,301.81497
2015-08-15 10:00:00,13,5,8,2015,304.6606
2015-08-15 11:00:00,14,5,8,2015,304.7309
2015-08-15 12:00:00,15,5,8,2015,304.86353
2015-08-15 13:00:00,16,5,8,2015,304.92444
2015-08-15 14:00:00,17,5,8,2015,305.03488
2015-08-15 15:00:00,18,5,8,2015,304.84842
2015-08-15 16:00:00,19,5,8,2015,304.80173
2015-08-15 17:00:00,20,5,8,2015,300.48044
2015-08-15 18:00:00,21,5,8,2015,300.22604
2015-08-15 19:00:00,22,5,8,2015,300.08844
2015-08-15 20:00:00,23,5,8,2015,296.924
2015-08-15 21:00:00,0,6,8,2015,296.36386
2015-08-15 22:00:00,1,6,8,2015,294.006
2015-08-15 23:00:00,2,6,8,2015,293.736
2015-08-16 00:00:00,3,6,8,2015,293.41833
2015-08-16 01:00:00,4,6,8,2015,293.37067
2015-08-16 02:00:00,5,6,8,2015,291.86902
2015-08-16 03:00:00,6,6,8,2015,292.12268
2015-08-16 04:00:00,7,6,8,2015,292.15805
2015-08-16 05:00:00,8,6,8,2015,295.1986
2015-08-16 06:00:00,9,6,8,2015,295.75873
2015-08-16 07:00:00,10,6,8,2015,296.65137
2015-08-16 08:00:00,11,6,8,2015,302.59137
2015-08-16 09:00:00,12,6,8,2015,302.85535
2015-08-16 10:00:00,13,6,8,2015,305.76306
2015-08-16 11:00:00,14,6,8,2015,305.7529
2015-08-16 12:00:00,15,6,8,2015,306.01315
2015-08-16 13:00:00,16,6,8,2015,305.89294
2015-08-16 14:00:00,17,6,8,2015,305.61942
2015-08-16 15:00:00,18,6,8,2015,304.68906
2015-08-16 16:00:00,19,6,8,2015,304.3921
2015-08-16 17:00:00,20,6,8,2015,299.85513
2015-08-16 18:00:00,21,6,8,2015,298.85504
2015-08-16 19:00:00,22,6,8,2015,298.4734
2015-08-16 20:00:00,23,6,8,2015,296.16022
2015-08-16 21:00:00,0,0,8,2015,296.01337
2015-08-16 22:00:00,1,0,8,2015,294.21817
2015-08-16 23:00:00,2,0,8,2015,294.1042
2015-08-17 00:00:00,3,0,8,2015,294.15265
2015-08-17 01:00:00,4,0,8,2015,294.0552
2015-08-17 02:00:00,5,0,8,2015,292.9913
2015-08-17 03:00:00,6,0,8,2015,293.43213
2015-08-17 04:00:00,7,0,8,2015,293.30154
2015-08-17 05:00:00,8,0,8,2015,294.0398
2015-08-17 06:00:00,9,0,8,2015,293.63324
2015-08-17 07:00:00,10,0,8,2015,293.65295
2015-08-17 08:00:00,11,0,8,2015,294.8962
2015-08-17 09:00:00,12,0,8,2015,295.18167
2015-08-17 10:00:00,13,0,8,2015,297.44965
2015-08-17 11:00:00,14,0,8,2015,298.0684
2015-08-17 12:00:00,15,0,8,2015,298.2181
2015-08-17 13:00:00,16,0,8,2015,298.4306
2015-08-17 14:00:00,17,0,8,2015,297.22403
2015-08-17 15:00:00,18,0,8,2015,296.78568
2015-08-17 16:00:00,19,0,8,2015,296.89505
2015-08-17 17:00:00,20,0,8,2015,294.18002
2015-08-17 18:00:00,21,0,8,2015,294.4777
2015-08-17 19:00:00,22,0,8,2015,294.38336
2015-08-17 20:00:00,23,0,8,2015,292.5597
2015-08-17 21:00:00,0,1,8,2015,292.32074
2015-08-17 22:00:00,1,1,8,2015,291.14813
2015-08-17 23:00:00,2,1,8,2015,290.81955
2015-08-18 00:00:00,3,1,8,2015,290.40573
2015-08-18 01:00:00,4,1,8,2015,290.06696
2015-08-18 02:00:00,5,1,8,2015,288.97458
2015-08-18 03:00:00,6,1,8,2015,289.09686
2015-08-18 04:00:00,7,1,8,2015,289.06882
2015-08-18 05:00:00,8,1,8,2015,291.411
2015-08-18 06:00:00,9,1,8,2015,292.0705
2015-08-18 07:00:00,10,1,8,2015,292.5842
2015-08-18 08:00:00,11,1,8,2015,297.06277
2015-08-18 09:00:00,12,1,8,2015,297.4928
2015-08-18 10:00:00,13,1,8,2015,299.453
2015-08-18 11:00:00,14,1,8,2015,299.60745
2015-08-18 12:00:00,15,1,8,2015,299.27356
2015-08-18 13:00:00,16,1,8,2015,298.79352
2015-08-18 14:00:00,17,1,8,2015,299.27673
2015-08-18 15:00:00,18,1,8,2015,299.47675
2015-08-18 16:00:00,19,1,8,2015,299.23862
2015-08-18 17:00:00,20,1,8,2015,295.76346
2015-08-18 18:00:00,21,1,8,2015,295.3304
2015-08-18 19:00:00,22,1,8,2015,295.33112
2015-08-18 20:00:00,23,1,8,2015,293.18408
2015-08-18 21:00:00,0,2,8,2015,293.1082
2015-08-18 22:00:00,1,2,8,2015,291.51624
2015-08-18 23:00:00,2,2,8,2015,291.43503
2015-08-19 00:00:00,3,2,8,2015,291.3743
2015-08-19 01:00:00,4,2,8,2015,291.21243
2015-08-19 02:00:00,5,2,8,2015,290.18335
2015-08-19 03:00:00,6,2,8,2015,290.3344
2015-08-19 04:00:00,7,2,8,2015,290.3785
2015-08-19 05:00:00,8,2,8,2015,291.7488
2015-08-19 06:00:00,9,2,8,2015,292.4566
2015-08-19 07:00:00,10,2,8,2015,292.96487
2015-08-19 08:00:00,11,2,8,2015,297.0821
2015-08-19 09:00:00,12,2,8,2015,297.41193
2015-08-19 10:00:00,13,2,8,2015,299.2987
2015-08-19 11:00:00,14,2,8,2015,299.6022
2015-08-19 12:00:00,15,2,8,2015,299.6754
2015-08-19 13:00:00,16,2,8,2015,299.3195
2015-08-19 14:00:00,17,2,8,2015,298.78064
2015-08-19 15:00:00,18,2,8,2015,298.71896
2015-08-19 16:00:00,19,2,8,2015,298.2397
2015-08-19 17:00:00,20,2,8,2015,294.33997
2015-08-19 18:00:00,21,2,8,2015,293.71436
2015-08-19 19:00:00,22,2,8,2015,293.71317
2015-08-19 20:00:00,23,2,8,2015,291.7442
2015-08-19 21:00:00,0,3,8,2015,291.43008
2015-08-19 22:00:00,1,3,8,2015,289.87576
2015-08-19 23:00:00,2,3,8,2015,289.85962
2015-08-20 00:00:00,3,3,8,2015,290.0047
2015-08-20 01:00:00,4,3,8,2015,290.12244
2015-08-20 02:00:00,5,3,8,2015,289.30585
2015-08-20 03:00:00,6,3,8,2015,289.387
2015-08-20 04:00:00,7,3,8,2015,289.53677
2015-08-20 05:00:00,8,3,8,2015,290.44537
2015-08-20 06:00:00,9,3,8,2015,290.74548
2015-08-20 07:00:00,10,3,8,2015,291.10635
2015-08-20 08:00:00,11,3,8,2015,293.0978
2015-08-20 09:00:00,12,3,8,2015,293.3837
2015-08-20 10:00:00,13,3,8,2015,294.17398
2015-08-20 11:00:00,14,3,8,2015,293.5644
2015-08-20 12:00:00,15,3,8,2015,292.89755
2015-08-20 13:00:00,16,3,8,2015,292.49133
2015-08-20 14:00:00,17,3,8,2015,292.2359
2015-08-20 15:00:00,18,3,8,2015,292.3159
2015-08-20 16:00:00,19,3,8,2015,292.1206
2015-08-20 17:00:00,20,3,8,2015,290.17053
2015-08-20 18:00:00,21,3,8,2015,290.01517
2015-08-20 19:00:00,22,3,8,2015,290.0988
2015-08-20 20:00:00,23,3,8,2015,289.2897
2015-08-20 21:00:00,0,4,8,2015,289.09348
2015-08-20 22:00:00,1,4,8,2015,288.55637
2015-08-20 23:00:00,2,4,8,2015,288.62683
2015-08-21 00:00:00,3,4,8,2015,288.41086
2015-08-21 01:00:00,4,4,8,2015,288.43683
2015-08-21 02:00:00,5,4,8,2015,288.0281
2015-08-21 03:00:00,6,4,8,2015,287.91782
2015-08-21 04:00:00,7,4,8,2015,287.7379
2015-08-21 05:00:00,8,4,8,2015,287.8009
2015-08-21 06:00:00,9,4,8,2015,287.6153
2015-08-21 07:00:00,10,4,8,2015,287.51834
2015-08-21 08:00:00,11,4,8,2015,289.34848
2015-08-21 09:00:00,12,4,8,2015,289.42297
2015-08-21 10:00:00,13,4,8,2015,291.0138
2015-08-21 11:00:00,14,4,8,2015,291.1213
2015-08-21 12:00:00,15,4,8,2015,291.22498
2015-08-21 13:00:00,16,4,8,2015,291.186
2015-08-21 14:00:00,17,4,8,2015,290.9281
2015-08-21 15:00:00,18,4,8,2015,290.77298
2015-08-21 16:00:00,19,4,8,2015,290.67566
2015-08-21 17:00:00,20,4,8,2015,289.20572
2015-08-21 18:00:00,21,4,8,2015,289.17688
2015-08-21 19:00:00,22,4,8,2015,289.262
2015-08-21 20:00:00,23,4,8,2015,288.66028
2015-08-21 21:00:00,0,5,8,2015,288.716
2015-08-21 22:00:00,1,5,8,2015,287.89206
2015-08-21 23:00:00,2,5,8,2015,287.8059
2015-08-22 00:00:00,3,5,8,2015,287.74884
2015-08-22 01:00:00,4,5,8,2015,287.76376
2015-08-22 02:00:00,5,5,8,2015,287.37344
2015-08-22 03:00:00,6,5,8,2015,287.38678
2015-08-22 04:00:00,7,5,8,2015,287.43634
2015-08-22 05:00:00,8,5,8,2015,287.73514
2015-08-22 06:00:00,9,5,8,2015,287.8353
2015-08-22 07:00:00,10,5,8,2015,287.9354
2015-08-22 08:00:00,11,5,8,2015,288.66147
2015-08-22 09:00:00,12,5,8,2015,288.69003
2015-08-22 10:00:00,13,5,8,2015,289.70764
2015-08-22 11:00:00,14,5,8,2015,290.12006
2015-08-22 12:00:00,15,5,8,2015,289.9115
2015-08-22 13:00:00,16,5,8,2015,289.85245
2015-08-22 14:00:00,17,5,8,2015,290.0459
2015-08-22 15:00:00,18,5,8,2015,289.8558
2015-08-22 16:00:00,19,5,8,2015,289.63977
2015-08-22 17:00:00,20,5,8,2015,288.71823
2015-08-22 18:00:00,21,5,8,2015,288.8041
2015-08-22 19:00:00,22,5,8,2015,288.83023
2015-08-22 20:00:00,23,5,8,2015,288.1094
2015-08-22 21:00:00,0,6,8,2015,288.1938
2015-08-22 22:00:00,1,6,8,2015,287.34332
2015-08-22 23:00:00,2,6,8,2015,287.31256
2015-08-23 00:00:00,3,6,8,2015,287.2508
2015-08-23 01:00:00,4,6,8,2015,287.4065
2015-08-23 02:00:00,5,6,8,2015,287.15775
2015-08-23 03:00:00,6,6,8,2015,287.33292
2015-08-23 04:00:00,7,6,8,2015,287.2354
2015-08-23 05:00:00,8,6,8,2015,287.7791
2015-08-23 06:00:00,9,6,8,2015,287.5585
2015-08-23 07:00:00,10,6,8,2015,287.88132
2015-08-23 08:00:00,11,6,8,2015,291.19803
2015-08-23 09:00:00,12,6,8,2015,291.6333
2015-08-23 10:00:00,13,6,8,2015,294.34225
2015-08-23 11:00:00,14,6,8,2015,294.6698
2015-08-23 12:00:00,15,6,8,2015,294.99567
2015-08-23 13:00:00,16,6,8,2015,294.9602
2015-08-23 14:00:00,17,6,8,2015,295.8338
2015-08-23 15:00:00,18,6,8,2015,295.64703
2015-08-23 16:00:00,19,6,8,2015,295.58884
2015-08-23 17:00:00,20,6,8,2015,292.03018
2015-08-23 18:00:00,21,6,8,2015,291.35828
2015-08-23 19:00:00,22,6,8,2015,290.91898
2015-08-23 20:00:00,23,6,8,2015,288.7583
2015-08-23 21:00:00,0,0,8,2015,288.65372
2015-08-23 22:00:00,1,0,8,2015,287.32623
2015-08-23 23:00:00,2,0,8,2015,287.47278
2015-08-24 00:00:00,3,0,8,2015,287.51596
2015-08-24 01:00:00,4,0,8,2015,287.16006
2015-08-24 02:00:00,5,0,8,2015,286.35315
2015-08-24 03:00:00,6,0,8,2015,286.50595
2015-08-24 04:00:00,7,0,8,2015,286.5016
2015-08-24 05:00:00,8,0,8,2015,288.48837
2015-08-24 06:00:00,9,0,8,2015,288.93225
2015-08-24 07:00:00,10,0,8,2015,289.50256
2015-08-24 08:00:00,11,0,8,2015,295.09726
2015-08-24 09:00:00,12,0,8,2015,295.55814
2015-08-24 10:00:00,13,0,8,2015,298.25934
2015-08-24 11:00:00,14,0,8,2015,298.6669
2015-08-24 12:00:00,15,0,8,2015,298.70602
2015-08-24 13:00:00,16,0,8,2015,298.89496
2015-08-24 14:00:00,17,0,8,2015,299.32275
2015-08-24 15:00:00,18,0,8,2015,299.21707
2015-08-24 16:00:00,19,0,8,2015,298.82544
2015-08-24 17:00:00,20,0,8,2015,294.18973
2015-08-24 18:00:00,21,0,8,2015,293.34775
2015-08-24 19:00:00,22,0,8,2015,292.81476
2015-08-24 20:00:00,23,0,8,2015,290.24426
2015-08-24 21:00:00,0,1,8,2015,289.84717
2015-08-24 22:00:00,1,1,8,2015,288.02335
2015-08-24 23:00:00,2,1,8,2015,287.843
2015-08-25 00:00:00,3,1,8,2015,287.64972
2015-08-25 01:00:00,4,1,8,2015,287.40884
2015-08-25 02:00:00,5,1,8,2015,286.50998
2015-08-25 03:00:00,6,1,8,2015,286.74985
2015-08-25 04:00:00,7,1,8,2015,286.76486
2015-08-25 05:00:00,8,1,8,2015,289.80655
2015-08-25 06:00:00,9,1,8,2015,290.52228
2015-08-25 07:00:00,10,1,8,2015,291.21008
2015-08-25 08:00:00,11,1,8,2015,297.4421
2015-08-25 09:00:00,12,1,8,2015,297.94138
2015-08-25 10:00:00,13,1,8,2015,300.56784
2015-08-25 11:00:00,14,1,8,2015,300.75305
2015-08-25 12:00:00,15,1,8,2015,300.84274
2015-08-25 13:00:00,16,1,8,2015,300.95898
2015-08-25 14:00:00,17,1,8,2015,300.6484
2015-08-25 15:00:00,18,1,8,2015,300.55014
2015-08-25 16:00:00,19,1,8,2015,300.34256
2015-08-25 17:00:00,20,1,8,2015,295.88867
2015-08-25 18:00:00,21,1,8,2015,295.4057
2015-08-25 19:00:00,22,1,8,2015,295.0111
2015-08-25 20:00:00,23,1,8,2015,292.0041
2015-08-25 21:00:00,0,2,8,2015,291.1653
2015-08-25 22:00:00,1,2,8,2015,289.3224
2015-08-25 23:00:00,2,2,8,2015,289.05673
2015-08-26 00:00:00,3,2,8,2015,289.12463
2015-08-26 01:00:00,4,2,8,2015,289.0995
2015-08-26 02:00:00,5,2,8,2015,287.7231
2015-08-26 03:00:00,6,2,8,2015,287.95978
2015-08-26 04:00:00,7,2,8,2015,288.158
2015-08-26 05:00:00,8,2,8,2015,290.83475
2015-08-26 06:00:00,9,2,8,2015,291.32333
2015-08-26 07:00:00,10,2,8,2015,292.14096
2015-08-26 08:00:00,11,2,8,2015,298.11234
2015-08-26 09:00:00,12,2,8,2015,298.34213
2015-08-26 10:00:00,13,2,8,2015,301.13623
2015-08-26 11:00:00,14,2,8,2015,301.23032
2015-08-26 12:00:00,15,2,8,2015,301.09756
2015-08-26 13:00:00,16,2,8,2015,301.1764
2015-08-26 14:00:00,17,2,8,2015,300.9801
2015-08-26 15:00:00,18,2,8,2015,300.81613
2015-08-26 16:00:00,19,2,8,2015,300.5508
2015-08-26 17:00:00,20,2,8,2015,295.54526
2015-08-26 18:00:00,21,2,8,2015,295.0659
2015-08-26 19:00:00,22,2,8,2015,295.1238
2015-08-26 20:00:00,23,2,8,2015,291.9028
2015-08-26 21:00:00,0,3,8,2015,291.18442
2015-08-26 22:00:00,1,3,8,2015,288.88974
2015-08-26 23:00:00,2,3,8,2015,288.4444
2015-08-27 00:00:00,3,3,8,2015,287.88168
2015-08-27 01:00:00,4,3,8,2015,287.65866
2015-08-27 02:00:00,5,3,8,2015,286.51178
2015-08-27 03:00:00,6,3,8,2015,286.60452
2015-08-27 04:00:00,7,3,8,2015,286.5852
2015-08-27 05:00:00,8,3,8,2015,290.02194
2015-08-27 06:00:00,9,3,8,2015,290.854
2015-08-27 07:00:00,10,3,8,2015,291.85577
2015-08-27 08:00:00,11,3,8,2015,298.0898
2015-08-27 09:00:00,12,3,8,2015,298.3013
2015-08-27 10:00:00,13,3,8,2015,301.21155
2015-08-27 11:00:00,14,3,8,2015,301.45447
2015-08-27 12:00:00,15,3,8,2015,301.5112
2015-08-27 13:00:00,16,3,8,2015,301.57263
2015-08-27 14:00:00,17,3,8,2015,301.56726
2015-08-27 15:00:00,18,3,8,2015,301.43777
2015-08-27 16:00:00,19,3,8,2015,301.16602
2015-08-27 17:00:00,20,3,8,2015,296.25854
2015-08-27 18:00:00,21,3,8,2015,295.78745
2015-08-27 19:00:00,22,3,8,2015,295.54556
2015-08-27 20:00:00,23,3,8,2015,291.2513
2015-08-27 21:00:00,0,4,8,2015,290.26187
2015-08-27 22:00:00,1,4,8,2015,287.9511
2015-08-27 23:00:00,2,4,8,2015,287.81458
2015-08-28 00:00:00,3,4,8,2015,287.6779
2015-08-28 01:00:00,4,4,8,2015,287.528
2015-08-28 02:00:00,5,4,8,2015,286.3011
2015-08-28 03:00:00,6,4,8,2015,286.58365
2015-08-28 04:00:00,7,4,8,2015,286.6831
2015-08-28 05:00:00,8,4,8,2015,290.1224
2015-08-28 06:00:00,9,4,8,2015,290.85352
2015-08-28 07:00:00,10,4,8,2015,292.246
2015-08-28 08:00:00,11,4,8,2015,298.8458
2015-08-28 09:00:00,12,4,8,2015,299.38968
2015-08-28 10:00:00,13,4,8,2015,302.49594
2015-08-28 11:00:00,14,4,8,2015,302.60706
2015-08-28 12:00:00,15,4,8,2015,302.72675
2015-08-28 13:00:00,16,4,8,2015,302.75165
2015-08-28 14:00:00,17,4,8,2015,303.12073
2015-08-28 15:00:00,18,4,8,2015,302.83777
2015-08-28 16:00:00,19,4,8,2015,302.5127
2015-08-28 17:00:00,20,4,8,2015,296.86963
2015-08-28 18:00:00,21,4,8,2015,295.69592
2015-08-28 19:00:00,22,4,8,2015,295.37466
2015-08-28 20:00:00,23,4,8,2015,291.44324
2015-08-28 21:00:00,0,5,8,2015,290.90417
2015-08-28 22:00:00,1,5,8,2015,289.0172
2015-08-28 23:00:00,2,5,8,2015,288.9397
2015-08-29 00:00:00,3,5,8,2015,288.7559
2015-08-29 01:00:00,4,5,8,2015,288.96234
2015-08-29 02:00:00,5,5,8,2015,287.90906
2015-08-29 03:00:00,6,5,8,2015,288.33273
2015-08-29 04:00:00,7,5,8,2015,288.32465
2015-08-29 05:00:00,8,5,8,2015,290.85272
2015-08-29 06:00:00,9,5,8,2015,291.70496
2015-08-29 07:00:00,10,5,8,2015,294.38538
2015-08-29 08:00:00,11,5,8,2015,300.05786
2015-08-29 09:00:00,12,5,8,2015,300.43738
2015-08-29 10:00:00,13,5,8,2015,303.92404
2015-08-29 11:00:00,14,5,8,2015,304.08218
2015-08-29 12:00:00,15,5,8,2015,304.11716
2015-08-29 13:00:00,16,5,8,2015,304.16415
2015-08-29 14:00:00,17,5,8,2015,304.3679
2015-08-29 15:00:00,18,5,8,2015,304.18246
2015-08-29 16:00:00,19,5,8,2015,303.5827
2015-08-29 17:00:00,20,5,8,2015,297.40448
2015-08-29 18:00:00,21,5,8,2015,297.06522
2015-08-29 19:00:00,22,5,8,2015,297.29758
2015-08-29 20:00:00,23,5,8,2015,294.14987
2015-08-29 21:00:00,0,6,8,2015,293.60257
2015-08-29 22:00:00,1,6,8,2015,291.73483
2015-08-29 23:00:00,2,6,8,2015,291.52594
2015-08-30 00:00:00,3,6,8,2015,290.92313
2015-08-30 01:00:00,4,6,8,2015,290.7478
2015-08-30 02:00:00,5,6,8,2015,289.77472
2015-08-30 03:00:00,6,6,8,2015,290.16507
2015-08-30 04:00:00,7,6,8,2015,290.25525
2015-08-30 05:00:00,8,6,8,2015,293.18842
2015-08-30 06:00:00,9,6,8,2015,293.66052
2015-08-30 07:00:00,10,6,8,2015,295.62585
2015-08-30 08:00:00,11,6,8,2015,300.93127
2015-08-30 09:00:00,12,6,8,2015,301.26212
2015-08-30 10:00:00,13,6,8,2015,304.24225
2015-08-30 11:00:00,14,6,8,2015,304.4375
2015-08-30 12:00:00,15,6,8,2015,304.4668
2015-08-30 13:00:00,16,6,8,2015,304.52637
2015-08-30 14:00:00,17,6,8,2015,304.31488
2015-08-30 15:00:00,18,6,8,2015,303.8838
2015-08-30 16:00:00,19,6,8,2015,303.55676
2015-08-30 17:00:00,20,6,8,2015,298.32364
2015-08-30 18:00:00,21,6,8,2015,297.7801
2015-08-30 19:00:00,22,6,8,2015,297.4895
2015-08-30 20:00:00,23,6,8,2015,294.143
2015-08-30 21:00:00,0,0,8,2015,293.9796
2015-08-30 22:00:00,1,0,8,2015,292.22595
2015-08-30 23:00:00,2,0,8,2015,292.0742
2015-08-31 00:00:00,3,0,8,2015,291.80286
2015-08-31 01:00:00,4,0,8,2015,291.63583
2015-08-31 02:00:00,5,0,8,2015,290.60883
2015-08-31 03:00:00,6,0,8,2015,290.7921
2015-08-31 04:00:00,7,0,8,2015,290.92224
2015-08-31 05:00:00,8,0,8,2015,293.48026
2015-08-31 06:00:00,9,0,8,2015,293.99823
2015-08-31 07:00:00,10,0,8,2015,295.25162
2015-08-31 08:00:00,11,0,8,2015,301.2489
2015-08-31 09:00:00,12,0,8,2015,301.78076
2015-08-31 10:00:00,13,0,8,2015,304.64474
2015-08-31 11:00:00,14,0,8,2015,304.7906
2015-08-31 12:00:00,15,0,8,2015,304.84314
2015-08-31 13:00:00,16,0,8,2015,304.86646
2015-08-31 14:00:00,17,0,8,2015,304.8774
2015-08-31 15:00:00,18,0,8,2015,304.4337
2015-08-31 16:00:00,19,0,8,2015,304.00912
2015-08-31 17:00:00,20,0,8,2015,298.3193
2015-08-31 18:00:00,21,0,8,2015,297.54416
2015-08-31 19:00:00,22,0,8,2015,297.3822
2015-08-31 20:00:00,23,0,8,2015,294.57993
2015-08-31 21:00:00,0,1,9,2015,294.2463
2015-08-31 22:00:00,1,1,9,2015,292.13867
2015-08-31 23:00:00,2,1,9,2015,292.04303
2015-09-01 00:00:00,3,1,9,2015,291.64856
2015-09-01 01:00:00,4,1,9,2015,291.48163
2015-09-01 02:00:00,5,1,9,2015,290.07452
2015-09-01 03:00:00,6,1,9,2015,290.3996
2015-09-01 04:00:00,7,1,9,2015,290.3694
2015-09-01 05:00:00,8,1,9,2015,292.83307
2015-09-01 06:00:00,9,1,9,2015,293.33267
2015-09-01 07:00:00,10,1,9,2015,294.37457
2015-09-01 08:00:00,11,1,9,2015,300.67474
2015-09-01 09:00:00,12,1,9,2015,301.15875
2015-09-01 10:00:00,13,1,9,2015,304.45654
2015-09-01 11:00:00,14,1,9,2015,304.76007
2015-09-01 12:00:00,15,1,9,2015,304.83704
2015-09-01 13:00:00,16,1,9,2015,304.907
2015-09-01 14:00:00,17,1,9,2015,305.00256
2015-09-01 15:00:00,18,1,9,2015,304.62683
2015-09-01 16:00:00,19,1,9,2015,304.30157
2015-09-01 17:00:00,20,1,9,2015,298.34415
2015-09-01 18:00:00,21,1,9,2015,297.70068
2015-09-01 19:00:00,22,1,9,2015,297.72824
2015-09-01 20:00:00,23,1,9,2015,294.14258
2015-09-01 21:00:00,0,2,9,2015,293.62936
2015-09-01 22:00:00,1,2,9,2015,291.64908
2015-09-01 23:00:00,2,2,9,2015,291.17422
2015-09-02 00:00:00,3,2,9,2015,290.97153
2015-09-02 01:00:00,4,2,9,2015,290.99036
2015-09-02 02:00:00,5,2,9,2015,289.67664
2015-09-02 03:00:00,6,2,9,2015,290.03232
2015-09-02 04:00:00,7,2,9,2015,289.7851
2015-09-02 05:00:00,8,2,9,2015,292.57254
2015-09-02 06:00:00,9,2,9,2015,293.26758
2015-09-02 07:00:00,10,2,9,2015,293.96762
2015-09-02 08:00:00,11,2,9,2015,300.50287
2015-09-02 09:00:00,12,2,9,2015,301.01285
2015-09-02 10:00:00,13,2,9,2015,304.97266
2015-09-02 11:00:00,14,2,9,2015,305.31442
2015-09-02 12:00:00,15,2,9,2015,305.37628
2015-09-02 13:00:00,16,2,9,2015,305.4251
2015-09-02 14:00:00,17,2,9,2015,305.53513
2015-09-02 15:00:00,18,2,9,2015,304.57712
2015-09-02 16:00:00,19,2,9,2015,304.07343
2015-09-02 17:00:00,20,2,9,2015,298.53632
2015-09-02 18:00:00,21,2,9,2015,298.2183
2015-09-02 19:00:00,22,2,9,2015,298.14478
2015-09-02 20:00:00,23,2,9,2015,295.0461
2015-09-02 21:00:00,0,3,9,2015,295.17352
2015-09-02 22:00:00,1,3,9,2015,292.79227
2015-09-02 23:00:00,2,3,9,2015,292.9525
2015-09-03 00:00:00,3,3,9,2015,293.1558
2015-09-03 01:00:00,4,3,9,2015,293.04138
2015-09-03 02:00:00,5,3,9,2015,291.5023
2015-09-03 03:00:00,6,3,9,2015,291.59998
2015-09-03 04:00:00,7,3,9,2015,291.5719
2015-09-03 05:00:00,8,3,9,2015,292.3656
2015-09-03 06:00:00,9,3,9,2015,293.07516
2015-09-03 07:00:00,10,3,9,2015,294.73154
2015-09-03 08:00:00,11,3,9,2015,300.63208
2015-09-03 09:00:00,12,3,9,2015,301.21283
2015-09-03 10:00:00,13,3,9,2015,304.7133
2015-09-03 11:00:00,14,3,9,2015,304.8678
2015-09-03 12:00:00,15,3,9,2015,305.1199
2015-09-03 13:00:00,16,3,9,2015,305.32068
2015-09-03 14:00:00,17,3,9,2015,305.4105
2015-09-03 15:00:00,18,3,9,2015,305.08652
2015-09-03 16:00:00,19,3,9,2015,304.54373
2015-09-03 17:00:00,20,3,9,2015,298.40677
2015-09-03 18:00:00,21,3,9,2015,298.30948
2015-09-03 19:00:00,22,3,9,2015,298.37146
2015-09-03 20:00:00,23,3,9,2015,295.19492
2015-09-03 21:00:00,0,4,9,2015,294.74084
2015-09-03 22:00:00,1,4,9,2015,292.31458
2015-09-03 23:00:00,2,4,9,2015,292.71603
2015-09-04 00:00:00,3,4,9,2015,292.7532
2015-09-04 01:00:00,4,4,9,2015,292.68414
2015-09-04 02:00:00,5,4,9,2015,291.5848
2015-09-04 03:00:00,6,4,9,2015,291.82825
2015-09-04 04:00:00,7,4,9,2015,291.5784
2015-09-04 05:00:00,8,4,9,2015,292.79965
2015-09-04 06:00:00,9,4,9,2015,293.03967
2015-09-04 07:00:00,10,4,9,2015,294.46182
2015-09-04 08:00:00,11,4,9,2015,300.1908
2015-09-04 09:00:00,12,4,9,2015,300.6828
2015-09-04 10:00:00,13,4,9,2015,304.0717
2015-09-04 11:00:00,14,4,9,2015,304.2894
2015-09-04 12:00:00,15,4,9,2015,304.51437
2015-09-04 13:00:00,16,4,9,2015,304.68704
2015-09-04 14:00:00,17,4,9,2015,305.06204
2015-09-04 15:00:00,18,4,9,2015,304.8357
2015-09-04 16:00:00,19,4,9,2015,304.2629
2015-09-04 17:00:00,20,4,9,2015,299.33887
2015-09-04 18:00:00,21,4,9,2015,299.23596
2015-09-04 19:00:00,22,4,9,2015,299.14914
2015-09-04 20:00:00,23,4,9,2015,295.42252
2015-09-04 21:00:00,0,5,9,2015,294.9242
2015-09-04 22:00:00,1,5,9,2015,293.092
2015-09-04 23:00:00,2,5,9,2015,292.7014
2015-09-05 00:00:00,3,5,9,2015,292.5384
2015-09-05 01:00:00,4,5,9,2015,292.35062
2015-09-05 02:00:00,5,5,9,2015,290.947
2015-09-05 03:00:00,6,5,9,2015,290.91794
2015-09-05 04:00:00,7,5,9,2015,290.90936
2015-09-05 05:00:00,8,5,9,2015,292.89212
2015-09-05 06:00:00,9,5,9,2015,293.23746
2015-09-05 07:00:00,10,5,9,2015,295.01782
2015-09-05 08:00:00,11,5,9,2015,301.34988
2015-09-05 09:00:00,12,5,9,2015,301.80432
2015-09-05 10:00:00,13,5,9,2015,305.37592
2015-09-05 11:00:00,14,5,9,2015,305.68427
2015-09-05 12:00:00,15,5,9,2015,305.80182
2015-09-05 13:00:00,16,5,9,2015,306.08585
2015-09-05 14:00:00,17,5,9,2015,304.80994
2015-09-05 15:00:00,18,5,9,2015,304.48718
2015-09-05 16:00:00,19,5,9,2015,303.64084
2015-09-05 17:00:00,20,5,9,2015,298.92795
2015-09-05 18:00:00,21,5,9,2015,298.42603
2015-09-05 19:00:00,22,5,9,2015,298.2423
2015-09-05 20:00:00,23,5,9,2015,296.35608
2015-09-05 21:00:00,0,6,9,2015,296.16812
2015-09-05 22:00:00,1,6,9,2015,294.82858
2015-09-05 23:00:00,2,6,9,2015,294.88052
2015-09-06 00:00:00,3,6,9,2015,295.00183
2015-09-06 01:00:00,4,6,9,2015,295.0197
2015-09-06 02:00:00,5,6,9,2015,294.45493
2015-09-06 03:00:00,6,6,9,2015,294.05646
2015-09-06 04:00:00,7,6,9,2015,293.60873
2015-09-06 05:00:00,8,6,9,2015,294.8077
2015-09-06 06:00:00,9,6,9,2015,295.53702
2015-09-06 07:00:00,10,6,9,2015,296.03702
2015-09-06 08:00:00,11,6,9,2015,299.3897
2015-09-06 09:00:00,12,6,9,2015,299.6403
2015-09-06 10:00:00,13,6,9,2015,300.56076
2015-09-06 11:00:00,14,6,9,2015,300.1576
2015-09-06 12:00:00,15,6,9,2015,299.82117
2015-09-06 13:00:00,16,6,9,2015,299.9559
2015-09-06 14:00:00,17,6,9,2015,298.9476
2015-09-06 15:00:00,18,6,9,2015,298.15598
2015-09-06 16:00:00,19,6,9,2015,298.0373
2015-09-06 17:00:00,20,6,9,2015,294.17267
2015-09-06 18:00:00,21,6,9,2015,293.99063
2015-09-06 19:00:00,22,6,9,2015,294.2973
2015-09-06 20:00:00,23,6,9,2015,291.97833
2015-09-06 21:00:00,0,0,9,2015,291.53238
2015-09-06 22:00:00,1,0,9,2015,289.40253
2015-09-06 23:00:00,2,0,9,2015,289.50275
2015-09-07 00:00:00,3,0,9,2015,289.23346
2015-09-07 01:00:00,4,0,9,2015,289.19925
2015-09-07 02:00:00,5,0,9,2015,287.91248
2015-09-07 03:00:00,6,0,9,2015,288.06747
2015-09-07 04:00:00,7,0,9,2015,287.88635
2015-09-07 05:00:00,8,0,9,2015,288.62027
2015-09-07 06:00:00,9,0,9,2015,288.6067
2015-09-07 07:00:00,10,0,9,2015,288.59805
2015-09-07 08:00:00,11,0,9,2015,292.4784
2015-09-07 09:00:00,12,0,9,2015,292.8958
2015-09-07 10:00:00,13,0,9,2015,294.9508
2015-09-07 11:00:00,14,0,9,2015,295.08777
2015-09-07 12:00:00,15,0,9,2015,295.27972
2015-09-07 13:00:00,16,0,9,2015,295.3949
2015-09-07 14:00:00,17,0,9,2015,295.58197
2015-09-07 15:00:00,18,0,9,2015,295.43814
2015-09-07 16:00:00,19,0,9,2015,295.1333
2015-09-07 17:00:00,20,0,9,2015,291.40204
2015-09-07 18:00:00,21,0,9,2015,291.01636
2015-09-07 19:00:00,22,0,9,2015,290.7104
2015-09-07 20:00:00,23,0,9,2015,288.80908
2015-09-07 21:00:00,0,1,9,2015,288.53287
2015-09-07 22:00:00,1,1,9,2015,286.9674
2015-09-07 23:00:00,2,1,9,2015,286.49942
2015-09-08 00:00:00,3,1,9,2015,286.1139
2015-09-08 01:00:00,4,1,9,2015,286.32
2015-09-08 02:00:00,5,1,9,2015,285.1244
2015-09-08 03:00:00,6,1,9,2015,284.94418
2015-09-08 04:00:00,7,1,9,2015,285.1936
2015-09-08 05:00:00,8,1,9,2015,286.07242
2015-09-08 06:00:00,9,1,9,2015,286.44534
2015-09-08 07:00:00,10,1,9,2015,286.99066
2015-09-08 08:00:00,11,1,9,2015,290.9215
2015-09-08 09:00:00,12,1,9,2015,291.3758
2015-09-08 10:00:00,13,1,9,2015,293.20068
2015-09-08 11:00:00,14,1,9,2015,293.38724
2015-09-08 12:00:00,15,1,9,2015,293.44742
2015-09-08 13:00:00,16,1,9,2015,293.51007
2015-09-08 14:00:00,17,1,9,2015,293.8538
2015-09-08 15:00:00,18,1,9,2015,293.60583
2015-09-08 16:00:00,19,1,9,2015,293.3603
2015-09-08 17:00:00,20,1,9,2015,289.6332
2015-09-08 18:00:00,21,1,9,2015,288.96378
2015-09-08 19:00:00,22,1,9,2015,288.40076
2015-09-08 20:00:00,23,1,9,2015,285.8825
2015-09-08 21:00:00,0,2,9,2015,285.4122
2015-09-08 22:00:00,1,2,9,2015,283.43118
2015-09-08 23:00:00,2,2,9,2015,283.2138
2015-09-09 00:00:00,3,2,9,2015,283.08313
2015-09-09 01:00:00,4,2,9,2015,283.13
2015-09-09 02:00:00,5,2,9,2015,281.70648
2015-09-09 03:00:00,6,2,9,2015,281.4003
2015-09-09 04:00:00,7,2,9,2015,281.68817
2015-09-09 05:00:00,8,2,9,2015,284.06384
2015-09-09 06:00:00,9,2,9,2015,285.0595
2015-09-09 07:00:00,10,2,9,2015,286.6214
2015-09-09 08:00:00,11,2,9,2015,292.20694
2015-09-09 09:00:00,12,2,9,2015,292.86884
2015-09-09 10:00:00,13,2,9,2015,295.09177
2015-09-09 11:00:00,14,2,9,2015,295.27
2015-09-09 12:00:00,15,2,9,2015,295.07547
2015-09-09 13:00:00,16,2,9,2015,294.9144
2015-09-09 14:00:00,17,2,9,2015,294.49988
2015-09-09 15:00:00,18,2,9,2015,294.41635
2015-09-09 16:00:00,19,2,9,2015,294.42517
2015-09-09 17:00:00,20,2,9,2015,291.5427
2015-09-09 18:00:00,21,2,9,2015,291.0812
2015-09-09 19:00:00,22,2,9,2015,291.0347
2015-09-09 20:00:00,23,2,9,2015,289.5131
2015-09-09 21:00:00,0,3,9,2015,289.1975
2015-09-09 22:00:00,1,3,9,2015,289.15268
2015-09-09 23:00:00,2,3,9,2015,288.92194
2015-09-10 00:00:00,3,3,9,2015,288.67032
2015-09-10 01:00:00,4,3,9,2015,288.74597
2015-09-10 02:00:00,5,3,9,2015,288.3578
2015-09-10 03:00:00,6,3,9,2015,288.3664
2015-09-10 04:00:00,7,3,9,2015,288.59155
2015-09-10 05:00:00,8,3,9,2015,288.66287
2015-09-10 06:00:00,9,3,9,2015,288.72134
2015-09-10 07:00:00,10,3,9,2015,288.78357
2015-09-10 08:00:00,11,3,9,2015,289.8119
2015-09-10 09:00:00,12,3,9,2015,290.04007
2015-09-10 10:00:00,13,3,9,2015,290.68896
2015-09-10 11:00:00,14,3,9,2015,290.65005
2015-09-10 12:00:00,15,3,9,2015,290.899
2015-09-10 13:00:00,16,3,9,2015,290.9584
2015-09-10 14:00:00,17,3,9,2015,290.68887
2015-09-10 15:00:00,18,3,9,2015,290.6585
2015-09-10 16:00:00,19,3,9,2015,290.71356
2015-09-10 17:00:00,20,3,9,2015,289.94064
2015-09-10 18:00:00,21,3,9,2015,289.93036
2015-09-10 19:00:00,22,3,9,2015,290.21918
2015-09-10 20:00:00,23,3,9,2015,289.6065
2015-09-10 21:00:00,0,4,9,2015,289.7411
2015-09-10 22:00:00,1,4,9,2015,289.17706
2015-09-10 23:00:00,2,4,9,2015,289.26132
2015-09-11 00:00:00,3,4,9,2015,289.16943
2015-09-11 01:00:00,4,4,9,2015,289.3232
2015-09-11 02:00:00,5,4,9,2015,288.80695
2015-09-11 03:00:00,6,4,9,2015,288.65378
2015-09-11 04:00:00,7,4,9,2015,288.56757
2015-09-11 05:00:00,8,4,9,2015,288.91617
2015-09-11 06:00:00,9,4,9,2015,289.24567
2015-09-11 07:00:00,10,4,9,2015,290.00705
2015-09-11 08:00:00,11,4,9,2015,291.58984
2015-09-11 09:00:00,12,4,9,2015,291.5248
2015-09-11 10:00:00,13,4,9,2015,292.64148
2015-09-11 11:00:00,14,4,9,2015,292.34378
2015-09-11 12:00:00,15,4,9,2015,291.9726
2015-09-11 13:00:00,16,4,9,2015,291.7284
2015-09-11 14:00:00,17,4,9,2015,291.48807
2015-09-11 15:00:00,18,4,9,2015,291.18774
2015-09-11 16:00:00,19,4,9,2015,291.07974
2015-09-11 17:00:00,20,4,9,2015,289.65332
2015-09-11 18:00:00,21,4,9,2015,289.52304
2015-09-11 19:00:00,22,4,9,2015,289.44055
2015-09-11 20:00:00,23,4,9,2015,288.6597
2015-09-11 21:00:00,0,5,9,2015,288.51263
2015-09-11 22:00:00,1,5,9,2015,287.9198
2015-09-11 23:00:00,2,5,9,2015,287.9294
2015-09-12 00:00:00,3,5,9,2015,287.70096
2015-09-12 01:00:00,4,5,9,2015,287.7003
2015-09-12 02:00:00,5,5,9,2015,287.15323
2015-09-12 03:00:00,6,5,9,2015,287.02887
2015-09-12 04:00:00,7,5,9,2015,286.96988
2015-09-12 05:00:00,8,5,9,2015,286.90607
2015-09-12 06:00:00,9,5,9,2015,286.67123
2015-09-12 07:00:00,10,5,9,2015,286.612
2015-09-12 08:00:00,11,5,9,2015,288.58878
2015-09-12 09:00:00,12,5,9,2015,288.71722
2015-09-12 10:00:00,13,5,9,2015,290.743
2015-09-12 11:00:00,14,5,9,2015,290.84805
2015-09-12 12:00:00,15,5,9,2015,290.96222
2015-09-12 13:00:00,16,5,9,2015,291.28275
2015-09-12 14:00:00,17,5,9,2015,291.11765
2015-09-12 15:00:00,18,5,9,2015,291.4847
2015-09-12 16:00:00,19,5,9,2015,291.24872
2015-09-12 17:00:00,20,5,9,2015,288.96194
2015-09-12 18:00:00,21,5,9,2015,288.57623
2015-09-12 19:00:00,22,5,9,2015,288.14636
2015-09-12 20:00:00,23,5,9,2015,286.9259
2015-09-12 21:00:00,0,6,9,2015,286.84763
2015-09-12 22:00:00,1,6,9,2015,285.94638
2015-09-12 23:00:00,2,6,9,2015,285.8591
2015-09-13 00:00:00,3,6,9,2015,285.71744
2015-09-13 01:00:00,4,6,9,2015,285.79956
2015-09-13 02:00:00,5,6,9,2015,285.5256
2015-09-13 03:00:00,6,6,9,2015,285.34686
2015-09-13 04:00:00,7,6,9,2015,285.32584
2015-09-13 05:00:00,8,6,9,2015,286.0797
2015-09-13 06:00:00,9,6,9,2015,286.22684
2015-09-13 07:00:00,10,6,9,2015,286.91113
2015-09-13 08:00:00,11,6,9,2015,291.44452
2015-09-13 09:00:00,12,6,9,2015,292.4804
2015-09-13 10:00:00,13,6,9,2015,295.26428
2015-09-13 11:00:00,14,6,9,2015,296.16833
2015-09-13 12:00:00,15,6,9,2015,296.22147
2015-09-13 13:00:00,16,6,9,2015,296.5298
2015-09-13 14:00:00,17,6,9,2015,296.6658
2015-09-13 15:00:00,18,6,9,2015,296.3673
2015-09-13 16:00:00,19,6,9,2015,295.60193
2015-09-13 17:00:00,20,6,9,2015,291.03653
2015-09-13 18:00:00,21,6,9,2015,290.2388
2015-09-13 19:00:00,22,6,9,2015,289.4931
2015-09-13 20:00:00,23,6,9,2015,287.58508
2015-09-13 21:00:00,0,0,9,2015,287.33148
2015-09-13 22:00:00,1,0,9,2015,286.36975
2015-09-13 23:00:00,2,0,9,2015,286.39932
2015-09-14 00:00:00,3,0,9,2015,286.18692
2015-09-14 01:00:00,4,0,9,2015,286.22205
2015-09-14 02:00:00,5,0,9,2015,285.6424
2015-09-14 03:00:00,6,0,9,2015,285.73376
2015-09-14 04:00:00,7,0,9,2015,285.45425
2015-09-14 05:00:00,8,0,9,2015,287.1725
2015-09-14 06:00:00,9,0,9,2015,288.35562
2015-09-14 07:00:00,10,0,9,2015,289.6105
2015-09-14 08:00:00,11,0,9,2015,294.30273
2015-09-14 09:00:00,12,0,9,2015,295.0448
2015-09-14 10:00:00,13,0,9,2015,297.24243
2015-09-14 11:00:00,14,0,9,2015,297.6366
2015-09-14 12:00:00,15,0,9,2015,297.77875
2015-09-14 13:00:00,16,0,9,2015,297.8062
2015-09-14 14:00:00,17,0,9,2015,297.66223
2015-09-14 15:00:00,18,0,9,2015,297.4678
2015-09-14 16:00:00,19,0,9,2015,296.48956
2015-09-14 17:00:00,20,0,9,2015,292.7122
2015-09-14 18:00:00,21,0,9,2015,291.5612
2015-09-14 19:00:00,22,0,9,2015,291.28577
2015-09-14 20:00:00,23,0,9,2015,289.96912
2015-09-14 21:00:00,0,1,9,2015,289.7818
2015-09-14 22:00:00,1,1,9,2015,288.26492
2015-09-14 23:00:00,2,1,9,2015,287.68655
2015-09-15 00:00:00,3,1,9,2015,286.61304
2015-09-15 01:00:00,4,1,9,2015,286.41824
2015-09-15 02:00:00,5,1,9,2015,285.674
2015-09-15 03:00:00,6,1,9,2015,285.54706
2015-09-15 04:00:00,7,1,9,2015,285.61377
2015-09-15 05:00:00,8,1,9,2015,287.80652
2015-09-15 06:00:00,9,1,9,2015,288.56522
2015-09-15 07:00:00,10,1,9,2015,289.47992
2015-09-15 08:00:00,11,1,9,2015,295.2813
2015-09-15 09:00:00,12,1,9,2015,295.7122
2015-09-15 10:00:00,13,1,9,2015,298.42505
2015-09-15 11:00:00,14,1,9,2015,298.66525
2015-09-15 12:00:00,15,1,9,2015,298.74393
2015-09-15 13:00:00,16,1,9,2015,298.8643
2015-09-15 14:00:00,17,1,9,2015,298.6814
2015-09-15 15:00:00,18,1,9,2015,298.48117
2015-09-15 16:00:00,19,1,9,2015,297.9528
2015-09-15 17:00:00,20,1,9,2015,293.0233
2015-09-15 18:00:00,21,1,9,2015,292.6034
2015-09-15 19:00:00,22,1,9,2015,292.35486
2015-09-15 20:00:00,23,1,9,2015,290.3678
2015-09-15 21:00:00,0,2,9,2015,290.27185
2015-09-15 22:00:00,1,2,9,2015,288.92697
2015-09-15 23:00:00,2,2,9,2015,288.81015
2015-09-16 00:00:00,3,2,9,2015,288.43533
2015-09-16 01:00:00,4,2,9,2015,288.33685
2015-09-16 02:00:00,5,2,9,2015,287.15002
2015-09-16 03:00:00,6,2,9,2015,286.92697
2015-09-16 04:00:00,7,2,9,2015,286.88486
2015-09-16 05:00:00,8,2,9,2015,288.59744
2015-09-16 06:00:00,9,2,9,2015,289.33893
2015-09-16 07:00:00,10,2,9,2015,290.21887
2015-09-16 08:00:00,11,2,9,2015,295.84933
2015-09-16 09:00:00,12,2,9,2015,296.39044
2015-09-16 10:00:00,13,2,9,2015,299.2773
2015-09-16 11:00:00,14,2,9,2015,299.41513
2015-09-16 12:00:00,15,2,9,2015,299.50742
2015-09-16 13:00:00,16,2,9,2015,299.52454
2015-09-16 14:00:00,17,2,9,2015,299.77048
2015-09-16 15:00:00,18,2,9,2015,299.519
2015-09-16 16:00:00,19,2,9,2015,298.8906
2015-09-16 17:00:00,20,2,9,2015,293.64713
2015-09-16 18:00:00,21,2,9,2015,293.0596
2015-09-16 19:00:00,22,2,9,2015,292.98987
2015-09-16 20:00:00,23,2,9,2015,290.8894
2015-09-16 21:00:00,0,3,9,2015,290.51083
2015-09-16 22:00:00,1,3,9,2015,289.14163
2015-09-16 23:00:00,2,3,9,2015,288.854
2015-09-17 00:00:00,3,3,9,2015,288.61002
2015-09-17 01:00:00,4,3,9,2015,288.64734
2015-09-17 02:00:00,5,3,9,2015,287.92825
2015-09-17 03:00:00,6,3,9,2015,288.14236
2015-09-17 04:00:00,7,3,9,2015,287.9547
2015-09-17 05:00:00,8,3,9,2015,289.24652
2015-09-17 06:00:00,9,3,9,2015,289.98288
2015-09-17 07:00:00,10,3,9,2015,291.23535
2015-09-17 08:00:00,11,3,9,2015,296.9638
2015-09-17 09:00:00,12,3,9,2015,298.3402
2015-09-17 10:00:00,13,3,9,2015,301.93295
2015-09-17 11:00:00,14,3,9,2015,302.09976
2015-09-17 12:00:00,15,3,9,2015,302.28308
2015-09-17 13:00:00,16,3,9,2015,302.41125
2015-09-17 14:00:00,17,3,9,2015,302.73993
2015-09-17 15:00:00,18,3,9,2015,302.521
2015-09-17 16:00:00,19,3,9,2015,301.48962
2015-09-17 17:00:00,20,3,9,2015,295.8874
2015-09-17 18:00:00,21,3,9,2015,295.6232
2015-09-17 19:00:00,22,3,9,2015,295.25903
2015-09-17 20:00:00,23,3,9,2015,292.31546
2015-09-17 21:00:00,0,4,9,2015,292.16766
2015-09-17 22:00:00,1,4,9,2015,290.821
2015-09-17 23:00:00,2,4,9,2015,290.7089
2015-09-18 00:00:00,3,4,9,2015,290.60074
2015-09-18 01:00:00,4,4,9,2015,290.589
2015-09-18 02:00:00,5,4,9,2015,289.54276
2015-09-18 03:00:00,6,4,9,2015,289.7804
2015-09-18 04:00:00,7,4,9,2015,289.89682
2015-09-18 05:00:00,8,4,9,2015,291.2461
2015-09-18 06:00:00,9,4,9,2015,291.3915
2015-09-18 07:00:00,10,4,9,2015,292.53552
2015-09-18 08:00:00,11,4,9,2015,298.93372
2015-09-18 09:00:00,12,4,9,2015,299.50555
2015-09-18 10:00:00,13,4,9,2015,303.5508
2015-09-18 11:00:00,14,4,9,2015,303.66855
2015-09-18 12:00:00,15,4,9,2015,303.7786
2015-09-18 13:00:00,16,4,9,2015,303.77942
2015-09-18 14:00:00,17,4,9,2015,303.72476
2015-09-18 15:00:00,18,4,9,2015,303.39053
2015-09-18 16:00:00,19,4,9,2015,302.14944
2015-09-18 17:00:00,20,4,9,2015,296.47937
2015-09-18 18:00:00,21,4,9,2015,296.30212
2015-09-18 19:00:00,22,4,9,2015,296.00812
2015-09-18 20:00:00,23,4,9,2015,293.43942
2015-09-18 21:00:00,0,5,9,2015,293.0956
2015-09-18 22:00:00,1,5,9,2015,291.51553
2015-09-18 23:00:00,2,5,9,2015,291.2187
2015-09-19 00:00:00,3,5,9,2015,290.93738
2015-09-19 01:00:00,4,5,9,2015,290.81308
2015-09-19 02:00:00,5,5,9,2015,289.61392
2015-09-19 03:00:00,6,5,9,2015,289.85843
2015-09-19 04:00:00,7,5,9,2015,289.72104
2015-09-19 05:00:00,8,5,9,2015,291.05313
2015-09-19 06:00:00,9,5,9,2015,291.63153
2015-09-19 07:00:00,10,5,9,2015,292.71384
2015-09-19 08:00:00,11,5,9,2015,298.5583
2015-09-19 09:00:00,12,5,9,2015,299.1359
2015-09-19 10:00:00,13,5,9,2015,302.32983
2015-09-19 11:00:00,14,5,9,2015,302.38538
2015-09-19 12:00:00,15,5,9,2015,302.40048
2015-09-19 13:00:00,16,5,9,2015,302.54697
2015-09-19 14:00:00,17,5,9,2015,301.98022
2015-09-19 15:00:00,18,5,9,2015,301.68494
2015-09-19 16:00:00,19,5,9,2015,300.60077
2015-09-19 17:00:00,20,5,9,2015,295.80493
2015-09-19 18:00:00,21,5,9,2015,295.0126
2015-09-19 19:00:00,22,5,9,2015,294.722
2015-09-19 20:00:00,23,5,9,2015,292.4994
2015-09-19 21:00:00,0,6,9,2015,292.19705
2015-09-19 22:00:00,1,6,9,2015,290.55676
2015-09-19 23:00:00,2,6,9,2015,290.4721
2015-09-20 00:00:00,3,6,9,2015,290.5439
2015-09-20 01:00:00,4,6,9,2015,290.50287
2015-09-20 02:00:00,5,6,9,2015,289.26376
2015-09-20 03:00:00,6,6,9,2015,289.45728
2015-09-20 04:00:00,7,6,9,2015,289.5824
2015-09-20 05:00:00,8,6,9,2015,290.01715
2015-09-20 06:00:00,9,6,9,2015,291.38538
2015-09-20 07:00:00,10,6,9,2015,292.28055
2015-09-20 08:00:00,11,6,9,2015,296.3196
2015-09-20 09:00:00,12,6,9,2015,296.8226
2015-09-20 10:00:00,13,6,9,2015,299.63126
2015-09-20 11:00:00,14,6,9,2015,299.7134
2015-09-20 12:00:00,15,6,9,2015,299.6674
2015-09-20 13:00:00,16,6,9,2015,299.39948
2015-09-20 14:00:00,17,6,9,2015,298.4181
2015-09-20 15:00:00,18,6,9,2015,298.16708
2015-09-20 16:00:00,19,6,9,2015,297.78223
2015-09-20 17:00:00,20,6,9,2015,293.45203
2015-09-20 18:00:00,21,6,9,2015,292.89856
2015-09-20 19:00:00,22,6,9,2015,292.41656
2015-09-20 20:00:00,23,6,9,2015,290.59778
2015-09-20 21:00:00,0,0,9,2015,290.51
2015-09-20 22:00:00,1,0,9,2015,289.45456
2015-09-20 23:00:00,2,0,9,2015,289.00046
2015-09-21 00:00:00,3,0,9,2015,289.07492
2015-09-21 01:00:00,4,0,9,2015,289.2152
2015-09-21 02:00:00,5,0,9,2015,288.63962
2015-09-21 03:00:00,6,0,9,2015,288.94116
2015-09-21 04:00:00,7,0,9,2015,289.10422
2015-09-21 05:00:00,8,0,9,2015,289.48068
2015-09-21 06:00:00,9,0,9,2015,289.82703
2015-09-21 07:00:00,10,0,9,2015,290.54587
2015-09-21 08:00:00,11,0,9,2015,294.20227
2015-09-21 09:00:00,12,0,9,2015,294.44586
2015-09-21 10:00:00,13,0,9,2015,296.05905
2015-09-21 11:00:00,14,0,9,2015,296.22864
2015-09-21 12:00:00,15,0,9,2015,296.25446
2015-09-21 13:00:00,16,0,9,2015,296.1359
2015-09-21 14:00:00,17,0,9,2015,295.52847
2015-09-21 15:00:00,18,0,9,2015,294.89062
2015-09-21 16:00:00,19,0,9,2015,294.4814
2015-09-21 17:00:00,20,0,9,2015,291.2841
2015-09-21 18:00:00,21,0,9,2015,290.75766
2015-09-21 19:00:00,22,0,9,2015,290.6864
2015-09-21 20:00:00,23,0,9,2015,289.26688
2015-09-21 21:00:00,0,1,9,2015,288.36716
2015-09-21 22:00:00,1,1,9,2015,287.83713
2015-09-21 23:00:00,2,1,9,2015,288.0488
2015-09-22 00:00:00,3,1,9,2015,288.1946
2015-09-22 01:00:00,4,1,9,2015,288.3127
2015-09-22 02:00:00,5,1,9,2015,287.89795
2015-09-22 03:00:00,6,1,9,2015,287.8599
2015-09-22 04:00:00,7,1,9,2015,287.9564
2015-09-22 05:00:00,8,1,9,2015,288.30017
2015-09-22 06:00:00,9,1,9,2015,288.36646
2015-09-22 07:00:00,10,1,9,2015,288.5986
2015-09-22 08:00:00,11,1,9,2015,291.62195
2015-09-22 09:00:00,12,1,9,2015,292.42474
2015-09-22 10:00:00,13,1,9,2015,294.66638
2015-09-22 11:00:00,14,1,9,2015,294.68634
2015-09-22 12:00:00,15,1,9,2015,294.5822
2015-09-22 13:00:00,16,1,9,2015,294.72855
2015-09-22 14:00:00,17,1,9,2015,294.5822
2015-09-22 15:00:00,18,1,9,2015,294.37097
2015-09-22 16:00:00,19,1,9,2015,294.27896
2015-09-22 17:00:00,20,1,9,2015,291.20474
2015-09-22 18:00:00,21,1,9,2015,290.85437
2015-09-22 19:00:00,22,1,9,2015,290.85208
2015-09-22 20:00:00,23,1,9,2015,289.09598
2015-09-22 21:00:00,0,2,9,2015,288.85352
2015-09-22 22:00:00,1,2,9,2015,288.14273
2015-09-22 23:00:00,2,2,9,2015,288.14212
2015-09-23 00:00:00,3,2,9,2015,288.22287
2015-09-23 01:00:00,4,2,9,2015,288.16983
2015-09-23 02:00:00,5,2,9,2015,287.76
2015-09-23 03:00:00,6,2,9,2015,287.7401
2015-09-23 04:00:00,7,2,9,2015,287.62628
2015-09-23 05:00:00,8,2,9,2015,288.3817
2015-09-23 06:00:00,9,2,9,2015,288.3425
2015-09-23 07:00:00,10,2,9,2015,288.80066
2015-09-23 08:00:00,11,2,9,2015,293.36786
2015-09-23 09:00:00,12,2,9,2015,293.87036
2015-09-23 10:00:00,13,2,9,2015,296.38126
2015-09-23 11:00:00,14,2,9,2015,296.5953
2015-09-23 12:00:00,15,2,9,2015,296.60446
2015-09-23 13:00:00,16,2,9,2015,296.6323
2015-09-23 14:00:00,17,2,9,2015,296.1266
2015-09-23 15:00:00,18,2,9,2015,295.84937
2015-09-23 16:00:00,19,2,9,2015,295.62903
2015-09-23 17:00:00,20,2,9,2015,292.22058
2015-09-23 18:00:00,21,2,9,2015,291.98495
2015-09-23 19:00:00,22,2,9,2015,291.8066
2015-09-23 20:00:00,23,2,9,2015,290.13504
2015-09-23 21:00:00,0,3,9,2015,289.88843
2015-09-23 22:00:00,1,3,9,2015,289.00153
2015-09-23 23:00:00,2,3,9,2015,289.03012
2015-09-24 00:00:00,3,3,9,2015,289.30902
2015-09-24 01:00:00,4,3,9,2015,289.47128
2015-09-24 02:00:00,5,3,9,2015,289.0996
2015-09-24 03:00:00,6,3,9,2015,288.93216
2015-09-24 04:00:00,7,3,9,2015,288.94348
2015-09-24 05:00:00,8,3,9,2015,289.1779
2015-09-24 06:00:00,9,3,9,2015,289.52835
2015-09-24 07:00:00,10,3,9,2015,290.11227
2015-09-24 08:00:00,11,3,9,2015,293.54407
2015-09-24 09:00:00,12,3,9,2015,293.8555
2015-09-24 10:00:00,13,3,9,2015,295.69934
2015-09-24 11:00:00,14,3,9,2015,295.89566
2015-09-24 12:00:00,15,3,9,2015,296.00803
2015-09-24 13:00:00,16,3,9,2015,296.42963
2015-09-24 14:00:00,17,3,9,2015,295.80923
2015-09-24 15:00:00,18,3,9,2015,295.20752
2015-09-24 16:00:00,19,3,9,2015,295.0289
2015-09-24 17:00:00,20,3,9,2015,292.58084
2015-09-24 18:00:00,21,3,9,2015,292.0763
2015-09-24 19:00:00,22,3,9,2015,291.57043
2015-09-24 20:00:00,23,3,9,2015,290.3109
2015-09-24 21:00:00,0,4,9,2015,290.06598
2015-09-24 22:00:00,1,4,9,2015,289.04697
2015-09-24 23:00:00,2,4,9,2015,288.77267
2015-09-25 00:00:00,3,4,9,2015,288.54138
2015-09-25 01:00:00,4,4,9,2015,288.65295
2015-09-25 02:00:00,5,4,9,2015,288.47958
2015-09-25 03:00:00,6,4,9,2015,288.5366
2015-09-25 04:00:00,7,4,9,2015,288.65704
2015-09-25 05:00:00,8,4,9,2015,289.10287
2015-09-25 06:00:00,9,4,9,2015,289.96167
2015-09-25 07:00:00,10,4,9,2015,290.8242
2015-09-25 08:00:00,11,4,9,2015,293.93445
2015-09-25 09:00:00,12,4,9,2015,293.7842
2015-09-25 10:00:00,13,4,9,2015,295.99976
2015-09-25 11:00:00,14,4,9,2015,295.8988
2015-09-25 12:00:00,15,4,9,2015,296.03107
2015-09-25 13:00:00,16,4,9,2015,296.03122
2015-09-25 14:00:00,17,4,9,2015,295.6709
2015-09-25 15:00:00,18,4,9,2015,295.54166
2015-09-25 16:00:00,19,4,9,2015,295.2552
2015-09-25 17:00:00,20,4,9,2015,291.70544
2015-09-25 18:00:00,21,4,9,2015,291.58414
2015-09-25 19:00:00,22,4,9,2015,291.57385
2015-09-25 20:00:00,23,4,9,2015,290.0321
2015-09-25 21:00:00,0,5,9,2015,289.7562
2015-09-25 22:00:00,1,5,9,2015,289.54694
2015-09-25 23:00:00,2,5,9,2015,289.06244
2015-09-26 00:00:00,3,5,9,2015,288.8307
2015-09-26 01:00:00,4,5,9,2015,288.8118
2015-09-26 02:00:00,5,5,9,2015,288.3698
2015-09-26 03:00:00,6,5,9,2015,288.27084
2015-09-26 04:00:00,7,5,9,2015,288.15317
2015-09-26 05:00:00,8,5,9,2015,288.67487
2015-09-26 06:00:00,9,5,9,2015,289.4657
2015-09-26 07:00:00,10,5,9,2015,289.9214
2015-09-26 08:00:00,11,5,9,2015,292.05774
2015-09-26 09:00:00,12,5,9,2015,292.38562
2015-09-26 10:00:00,13,5,9,2015,293.69037
2015-09-26 11:00:00,14,5,9,2015,293.93298
2015-09-26 12:00:00,15,5,9,2015,293.77457
2015-09-26 13:00:00,16,5,9,2015,293.4234
2015-09-26 14:00:00,17,5,9,2015,292.23605
2015-09-26 15:00:00,18,5,9,2015,291.97263
2015-09-26 16:00:00,19,5,9,2015,291.8207
2015-09-26 17:00:00,20,5,9,2015,290.14023
2015-09-26 18:00:00,21,5,9,2015,290.1642
2015-09-26 19:00:00,22,5,9,2015,290.2988
2015-09-26 20:00:00,23,5,9,2015,289.44098
2015-09-26 21:00:00,0,6,9,2015,289.47183
2015-09-26 22:00:00,1,6,9,2015,288.80045
2015-09-26 23:00:00,2,6,9,2015,288.62823
2015-09-27 00:00:00,3,6,9,2015,288.5643
2015-09-27 01:00:00,4,6,9,2015,288.51318
2015-09-27 02:00:00,5,6,9,2015,288.10638
2015-09-27 03:00:00,6,6,9,2015,287.9972
2015-09-27 04:00:00,7,6,9,2015,287.9704
2015-09-27 05:00:00,8,6,9,2015,287.946
2015-09-27 06:00:00,9,6,9,2015,287.9718
2015-09-27 07:00:00,10,6,9,2015,288.18253
2015-09-27 08:00:00,11,6,9,2015,289.4408
2015-09-27 09:00:00,12,6,9,2015,289.52307
2015-09-27 10:00:00,13,6,9,2015,290.5708
2015-09-27 11:00:00,14,6,9,2015,290.53973
2015-09-27 12:00:00,15,6,9,2015,290.6627
2015-09-27 13:00:00,16,6,9,2015,290.8187
2015-09-27 14:00:00,17,6,9,2015,290.58716
2015-09-27 15:00:00,18,6,9,2015,290.60266
2015-09-27 16:00:00,19,6,9,2015,290.3181
2015-09-27 17:00:00,20,6,9,2015,289.26038
2015-09-27 18:00:00,21,6,9,2015,289.0435
2015-09-27 19:00:00,22,6,9,2015,288.95096
2015-09-27 20:00:00,23,6,9,2015,288.255
2015-09-27 21:00:00,0,0,9,2015,288.12128
2015-09-27 22:00:00,1,0,9,2015,287.51315
2015-09-27 23:00:00,2,0,9,2015,287.57028
2015-09-28 00:00:00,3,0,9,2015,287.34274
2015-09-28 01:00:00,4,0,9,2015,287.49664
2015-09-28 02:00:00,5,0,9,2015,287.15924
2015-09-28 03:00:00,6,0,9,2015,287.11642
2015-09-28 04:00:00,7,0,9,2015,287.13858
2015-09-28 05:00:00,8,0,9,2015,286.92926
2015-09-28 06:00:00,9,0,9,2015,286.83044
2015-09-28 07:00:00,10,0,9,2015,286.89804
2015-09-28 08:00:00,11,0,9,2015,287.34183
2015-09-28 09:00:00,12,0,9,2015,287.49573
2015-09-28 10:00:00,13,0,9,2015,287.1454
2015-09-28 11:00:00,14,0,9,2015,287.39825
2015-09-28 12:00:00,15,0,9,2015,287.13672
2015-09-28 13:00:00,16,0,9,2015,287.13712
2015-09-28 14:00:00,17,0,9,2015,286.37775
2015-09-28 15:00:00,18,0,9,2015,286.24622
2015-09-28 16:00:00,19,0,9,2015,286.17816
2015-09-28 17:00:00,20,0,9,2015,285.33847
2015-09-28 18:00:00,21,0,9,2015,285.32852
2015-09-28 19:00:00,22,0,9,2015,285.37317
2015-09-28 20:00:00,23,0,9,2015,284.8185
2015-09-28 21:00:00,0,1,9,2015,284.76144
2015-09-28 22:00:00,1,1,9,2015,284.12122
2015-09-28 23:00:00,2,1,9,2015,284.14035
2015-09-29 00:00:00,3,1,9,2015,284.011
2015-09-29 01:00:00,4,1,9,2015,284.0357
2015-09-29 02:00:00,5,1,9,2015,283.724
2015-09-29 03:00:00,6,1,9,2015,283.58813
2015-09-29 04:00:00,7,1,9,2015,283.61523
2015-09-29 05:00:00,8,1,9,2015,283.4713
2015-09-29 06:00:00,9,1,9,2015,283.29602
2015-09-29 07:00:00,10,1,9,2015,283.2976
2015-09-29 08:00:00,11,1,9,2015,284.1552
2015-09-29 09:00:00,12,1,9,2015,283.90964
2015-09-29 10:00:00,13,1,9,2015,284.55725
2015-09-29 11:00:00,14,1,9,2015,284.408
2015-09-29 12:00:00,15,1,9,2015,284.4707
2015-09-29 13:00:00,16,1,9,2015,284.48254
2015-09-29 14:00:00,17,1,9,2015,284.09656
2015-09-29 15:00:00,18,1,9,2015,284.1387
2015-09-29 16:00:00,19,1,9,2015,284.26434
2015-09-29 17:00:00,20,1,9,2015,283.52454
2015-09-29 18:00:00,21,1,9,2015,283.59595
2015-09-29 19:00:00,22,1,9,2015,283.65225
2015-09-29 20:00:00,23,1,9,2015,283.3517
2015-09-29 21:00:00,0,2,9,2015,283.35773
2015-09-29 22:00:00,1,2,9,2015,283.08524
2015-09-29 23:00:00,2,2,9,2015,283.02905
2015-09-30 00:00:00,3,2,9,2015,282.9896
2015-09-30 01:00:00,4,2,9,2015,283.01932
2015-09-30 02:00:00,5,2,9,2015,282.57388
2015-09-30 03:00:00,6,2,9,2015,282.5396
2015-09-30 04:00:00,7,2,9,2015,282.4622
2015-09-30 05:00:00,8,2,9,2015,282.7532
2015-09-30 06:00:00,9,2,9,2015,282.68283
2015-09-30 07:00:00,10,2,9,2015,282.85608
2015-09-30 08:00:00,11,2,9,2015,285.32065
2015-09-30 09:00:00,12,2,9,2015,285.54852
2015-09-30 10:00:00,13,2,9,2015,286.96017
2015-09-30 11:00:00,14,2,9,2015,287.05408
2015-09-30 12:00:00,15,2,9,2015,287.2017
2015-09-30 13:00:00,16,2,9,2015,287.17142
2015-09-30 14:00:00,17,2,9,2015,286.75104
2015-09-30 15:00:00,18,2,9,2015,286.38446
2015-09-30 16:00:00,19,2,9,2015,286.27365
2015-09-30 17:00:00,20,2,9,2015,284.33572
2015-09-30 18:00:00,21,2,9,2015,283.88654
2015-09-30 19:00:00,22,2,9,2015,283.51575
2015-09-30 20:00:00,23,2,9,2015,282.7602
2015-09-30 21:00:00,0,3,10,2015,282.639
2015-09-30 22:00:00,1,3,10,2015,282.3571
2015-09-30 23:00:00,2,3,10,2015,282.27682
2015-10-01 00:00:00,3,3,10,2015,282.09122
2015-10-01 01:00:00,4,3,10,2015,282.113
2015-10-01 02:00:00,5,3,10,2015,281.57516
2015-10-01 03:00:00,6,3,10,2015,281.78552
2015-10-01 04:00:00,7,3,10,2015,281.94193
2015-10-01 05:00:00,8,3,10,2015,281.9378
2015-10-01 06:00:00,9,3,10,2015,282.35287
2015-10-01 07:00:00,10,3,10,2015,282.99246
2015-10-01 08:00:00,11,3,10,2015,286.56082
2015-10-01 09:00:00,12,3,10,2015,287.01904
2015-10-01 10:00:00,13,3,10,2015,289.01492
2015-10-01 11:00:00,14,3,10,2015,289.105
2015-10-01 12:00:00,15,3,10,2015,288.96832
2015-10-01 13:00:00,16,3,10,2015,289.03195
2015-10-01 14:00:00,17,3,10,2015,288.4796
2015-10-01 15:00:00,18,3,10,2015,288.21832
2015-10-01 16:00:00,19,3,10,2015,288.16443
2015-10-01 17:00:00,20,3,10,2015,285.04834
2015-10-01 18:00:00,21,3,10,2015,284.33362
2015-10-01 19:00:00,22,3,10,2015,284.1128
2015-10-01 20:00:00,23,3,10,2015,282.9301
2015-10-01 21:00:00,0,4,10,2015,282.9943
2015-10-01 22:00:00,1,4,10,2015,282.30853
2015-10-01 23:00:00,2,4,10,2015,282.20667
2015-10-02 00:00:00,3,4,10,2015,282.02078
2015-10-02 01:00:00,4,4,10,2015,281.8817
2015-10-02 02:00:00,5,4,10,2015,281.1029
2015-10-02 03:00:00,6,4,10,2015,281.14005
2015-10-02 04:00:00,7,4,10,2015,281.19556
2015-10-02 05:00:00,8,4,10,2015,281.7804
2015-10-02 06:00:00,9,4,10,2015,282.5449
2015-10-02 07:00:00,10,4,10,2015,283.22763
2015-10-02 08:00:00,11,4,10,2015,287.25317
2015-10-02 09:00:00,12,4,10,2015,287.68103
2015-10-02 10:00:00,13,4,10,2015,289.55472
2015-10-02 11:00:00,14,4,10,2015,289.4584
2015-10-02 12:00:00,15,4,10,2015,289.26257
2015-10-02 13:00:00,16,4,10,2015,289.3631
2015-10-02 14:00:00,17,4,10,2015,289.15576
2015-10-02 15:00:00,18,4,10,2015,288.55975
2015-10-02 16:00:00,19,4,10,2015,288.17892
2015-10-02 17:00:00,20,4,10,2015,284.7017
2015-10-02 18:00:00,21,4,10,2015,283.99677
2015-10-02 19:00:00,22,4,10,2015,284.0134
2015-10-02 20:00:00,23,4,10,2015,282.20334
2015-10-02 21:00:00,0,5,10,2015,282.2813
2015-10-02 22:00:00,1,5,10,2015,281.08826
2015-10-02 23:00:00,2,5,10,2015,280.85483
2015-10-03 00:00:00,3,5,10,2015,280.8285
2015-10-03 01:00:00,4,5,10,2015,280.90717
2015-10-03 02:00:00,5,5,10,2015,279.7868
2015-10-03 03:00:00,6,5,10,2015,279.8429
2015-10-03 04:00:00,7,5,10,2015,279.62427
2015-10-03 05:00:00,8,5,10,2015,281.0558
2015-10-03 06:00:00,9,5,10,2015,281.68054
2015-10-03 07:00:00,10,5,10,2015,283.0238
2015-10-03 08:00:00,11,5,10,2015,289.2337
2015-10-03 09:00:00,12,5,10,2015,289.75076
2015-10-03 10:00:00,13,5,10,2015,293.0223
2015-10-03 11:00:00,14,5,10,2015,293.25357
2015-10-03 12:00:00,15,5,10,2015,293.38293
2015-10-03 13:00:00,16,5,10,2015,293.5595
2015-10-03 14:00:00,17,5,10,2015,293.7517
2015-10-03 15:00:00,18,5,10,2015,293.58206
2015-10-03 16:00:00,19,5,10,2015,293.98083
2015-10-03 17:00:00,20,5,10,2015,287.61993
2015-10-03 18:00:00,21,5,10,2015,286.54196
2015-10-03 19:00:00,22,5,10,2015,286.09384
2015-10-03 20:00:00,23,5,10,2015,284.178
2015-10-03 21:00:00,0,6,10,2015,284.05154
2015-10-03 22:00:00,1,6,10,2015,283.05496
2015-10-03 23:00:00,2,6,10,2015,282.82465
2015-10-04 00:00:00,3,6,10,2015,282.6777
2015-10-04 01:00:00,4,6,10,2015,282.55167
2015-10-04 02:00:00,5,6,10,2015,281.9532
2015-10-04 03:00:00,6,6,10,2015,282.01215
2015-10-04 04:00:00,7,6,10,2015,282.0787
2015-10-04 05:00:00,8,6,10,2015,283.4784
2015-10-04 06:00:00,9,6,10,2015,283.6144
2015-10-04 07:00:00,10,6,10,2015,284.48737
2015-10-04 08:00:00,11,6,10,2015,290.19254
2015-10-04 09:00:00,12,6,10,2015,290.76266
2015-10-04 10:00:00,13,6,10,2015,294.33337
2015-10-04 11:00:00,14,6,10,2015,294.59967
2015-10-04 12:00:00,15,6,10,2015,294.82394
2015-10-04 13:00:00,16,6,10,2015,295.01855
2015-10-04 14:00:00,17,6,10,2015,294.5078
2015-10-04 15:00:00,18,6,10,2015,294.10785
2015-10-04 16:00:00,19,6,10,2015,294.3116
2015-10-04 17:00:00,20,6,10,2015,290.05646
2015-10-04 18:00:00,21,6,10,2015,289.79684
2015-10-04 19:00:00,22,6,10,2015,289.4168
2015-10-04 20:00:00,23,6,10,2015,287.3601
2015-10-04 21:00:00,0,0,10,2015,286.88007
2015-10-04 22:00:00,1,0,10,2015,285.4921
2015-10-04 23:00:00,2,0,10,2015,285.37512
2015-10-05 00:00:00,3,0,10,2015,285.3424
2015-10-05 01:00:00,4,0,10,2015,285.35654
2015-10-05 02:00:00,5,0,10,2015,284.50217
2015-10-05 03:00:00,6,0,10,2015,284.5892
2015-10-05 04:00:00,7,0,10,2015,284.5631
2015-10-05 05:00:00,8,0,10,2015,284.88464
2015-10-05 06:00:00,9,0,10,2015,284.93835
2015-10-05 07:00:00,10,0,10,2015,286.03857
2015-10-05 08:00:00,11,0,10,2015,291.16797
2015-10-05 09:00:00,12,0,10,2015,291.78488
2015-10-05 10:00:00,13,0,10,2015,294.58115
2015-10-05 11:00:00,14,0,10,2015,294.7918
2015-10-05 12:00:00,15,0,10,2015,294.70163
2015-10-05 13:00:00,16,0,10,2015,294.72586
2015-10-05 14:00:00,17,0,10,2015,293.9016
2015-10-05 15:00:00,18,0,10,2015,293.55017
2015-10-05 16:00:00,19,0,10,2015,293.09488
2015-10-05 17:00:00,20,0,10,2015,290.07294
2015-10-05 18:00:00,21,0,10,2015,290.0521
2015-10-05 19:00:00,22,0,10,2015,289.7348
2015-10-05 20:00:00,23,0,10,2015,288.4369
2015-10-05 21:00:00,0,1,10,2015,287.865
2015-10-05 22:00:00,1,1,10,2015,287.22757
2015-10-05 23:00:00,2,1,10,2015,286.80197
2015-10-06 00:00:00,3,1,10,2015,286.81366
2015-10-06 01:00:00,4,1,10,2015,286.4122
2015-10-06 02:00:00,5,1,10,2015,285.72974
2015-10-06 03:00:00,6,1,10,2015,285.12625
2015-10-06 04:00:00,7,1,10,2015,285.09918
2015-10-06 05:00:00,8,1,10,2015,285.2663
2015-10-06 06:00:00,9,1,10,2015,285.58652
2015-10-06 07:00:00,10,1,10,2015,285.8925
2015-10-06 08:00:00,11,1,10,2015,290.24524
2015-10-06 09:00:00,12,1,10,2015,290.50824
2015-10-06 10:00:00,13,1,10,2015,293.08304
2015-10-06 11:00:00,14,1,10,2015,293.08176
2015-10-06 12:00:00,15,1,10,2015,293.34192
2015-10-06 13:00:00,16,1,10,2015,293.45084
2015-10-06 14:00:00,17,1,10,2015,292.838
2015-10-06 15:00:00,18,1,10,2015,292.62793
2015-10-06 16:00:00,19,1,10,2015,292.00006
2015-10-06 17:00:00,20,1,10,2015,288.1456
2015-10-06 18:00:00,21,1,10,2015,287.91757
2015-10-06 19:00:00,22,1,10,2015,288.21262
2015-10-06 20:00:00,23,1,10,2015,286.88156
2015-10-06 21:00:00,0,2,10,2015,286.17377
2015-10-06 22:00:00,1,2,10,2015,285.68097
2015-10-06 23:00:00,2,2,10,2015,285.44577
2015-10-07 00:00:00,3,2,10,2015,285.08704
2015-10-07 01:00:00,4,2,10,2015,284.8163
2015-10-07 02:00:00,5,2,10,2015,284.042
2015-10-07 03:00:00,6,2,10,2015,284.0724
2015-10-07 04:00:00,7,2,10,2015,284.0238
2015-10-07 05:00:00,8,2,10,2015,284.5812
2015-10-07 06:00:00,9,2,10,2015,284.79047
2015-10-07 07:00:00,10,2,10,2015,285.2075
2015-10-07 08:00:00,11,2,10,2015,289.68997
2015-10-07 09:00:00,12,2,10,2015,290.09152
2015-10-07 10:00:00,13,2,10,2015,291.84045
2015-10-07 11:00:00,14,2,10,2015,292.11484
2015-10-07 12:00:00,15,2,10,2015,292.15747
2015-10-07 13:00:00,16,2,10,2015,292.3014
2015-10-07 14:00:00,17,2,10,2015,291.39642
2015-10-07 15:00:00,18,2,10,2015,290.72092
2015-10-07 16:00:00,19,2,10,2015,289.97586
2015-10-07 17:00:00,20,2,10,2015,288.22226
2015-10-07 18:00:00,21,2,10,2015,287.93164
2015-10-07 19:00:00,22,2,10,2015,287.87323
2015-10-07 20:00:00,23,2,10,2015,286.61438
2015-10-07 21:00:00,0,3,10,2015,286.30206
2015-10-07 22:00:00,1,3,10,2015,285.58734
2015-10-07 23:00:00,2,3,10,2015,285.66922
2015-10-08 00:00:00,3,3,10,2015,285.5757
2015-10-08 01:00:00,4,3,10,2015,285.6459
2015-10-08 02:00:00,5,3,10,2015,284.58032
2015-10-08 03:00:00,6,3,10,2015,284.32358
2015-10-08 04:00:00,7,3,10,2015,284.33698
2015-10-08 05:00:00,8,3,10,2015,283.9038
2015-10-08 06:00:00,9,3,10,2015,283.84024
2015-10-08 07:00:00,10,3,10,2015,283.73935
2015-10-08 08:00:00,11,3,10,2015,284.64862
2015-10-08 09:00:00,12,3,10,2015,284.39624
2015-10-08 10:00:00,13,3,10,2015,285.39026
2015-10-08 11:00:00,14,3,10,2015,285.09586
2015-10-08 12:00:00,15,3,10,2015,284.82886
2015-10-08 13:00:00,16,3,10,2015,284.78317
2015-10-08 14:00:00,17,3,10,2015,284.25745
2015-10-08 15:00:00,18,3,10,2015,284.16013
2015-10-08 16:00:00,19,3,10,2015,284.1023
2015-10-08 17:00:00,20,3,10,2015,282.98056
2015-10-08 18:00:00,21,3,10,2015,283.1073
2015-10-08 19:00:00,22,3,10,2015,283.30576
2015-10-08 20:00:00,23,3,10,2015,283.078
2015-10-08 21:00:00,0,4,10,2015,283.15384
2015-10-08 22:00:00,1,4,10,2015,282.6947
2015-10-08 23:00:00,2,4,10,2015,282.76352
2015-10-09 00:00:00,3,4,10,2015,282.69797
2015-10-09 01:00:00,4,4,10,2015,282.84167
2015-10-09 02:00:00,5,4,10,2015,282.54874
2015-10-09 03:00:00,6,4,10,2015,282.47375
2015-10-09 04:00:00,7,4,10,2015,282.60083
2015-10-09 05:00:00,8,4,10,2015,282.7579
2015-10-09 06:00:00,9,4,10,2015,282.72995
2015-10-09 07:00:00,10,4,10,2015,282.85028
2015-10-09 08:00:00,11,4,10,2015,284.5061
2015-10-09 09:00:00,12,4,10,2015,284.61304
2015-10-09 10:00:00,13,4,10,2015,285.88107
2015-10-09 11:00:00,14,4,10,2015,285.9606
2015-10-09 12:00:00,15,4,10,2015,285.97293
2015-10-09 13:00:00,16,4,10,2015,286.05237
2015-10-09 14:00:00,17,4,10,2015,286.24393
2015-10-09 15:00:00,18,4,10,2015,286.0038
2015-10-09 16:00:00,19,4,10,2015,286.1034
2015-10-09 17:00:00,20,4,10,2015,284.49405
2015-10-09 18:00:00,21,4,10,2015,284.21442
2015-10-09 19:00:00,22,4,10,2015,284.16907
2015-10-09 20:00:00,23,4,10,2015,283.65417
2015-10-09 21:00:00,0,5,10,2015,283.646
2015-10-09 22:00:00,1,5,10,2015,283.7756
2015-10-09 23:00:00,2,5,10,2015,283.631
2015-10-10 00:00:00,3,5,10,2015,283.5481
2015-10-10 01:00:00,4,5,10,2015,283.62256
2015-10-10 02:00:00,5,5,10,2015,283.55215
2015-10-10 03:00:00,6,5,10,2015,283.62292
2015-10-10 04:00:00,7,5,10,2015,283.6394
2015-10-10 05:00:00,8,5,10,2015,283.732
2015-10-10 06:00:00,9,5,10,2015,283.7725
2015-10-10 07:00:00,10,5,10,2015,284.17065
2015-10-10 08:00:00,11,5,10,2015,285.08987
2015-10-10 09:00:00,12,5,10,2015,285.3262
2015-10-10 10:00:00,13,5,10,2015,285.7982
2015-10-10 11:00:00,14,5,10,2015,285.87918
2015-10-10 12:00:00,15,5,10,2015,285.8779
2015-10-10 13:00:00,16,5,10,2015,285.93918
2015-10-10 14:00:00,17,5,10,2015,285.38904
2015-10-10 15:00:00,18,5,10,2015,285.11102
2015-10-10 16:00:00,19,5,10,2015,285.0588
2015-10-10 17:00:00,20,5,10,2015,284.59967
2015-10-10 18:00:00,21,5,10,2015,284.68686
2015-10-10 19:00:00,22,5,10,2015,284.77246
2015-10-10 20:00:00,23,5,10,2015,284.4378
2015-10-10 21:00:00,0,6,10,2015,284.3109
2015-10-10 22:00:00,1,6,10,2015,284.5837
2015-10-10 23:00:00,2,6,10,2015,284.62357
2015-10-11 00:00:00,3,6,10,2015,284.60168
2015-10-11 01:00:00,4,6,10,2015,284.6776
2015-10-11 02:00:00,5,6,10,2015,284.72034
2015-10-11 03:00:00,6,6,10,2015,284.62534
2015-10-11 04:00:00,7,6,10,2015,284.7982
2015-10-11 05:00:00,8,6,10,2015,284.75476
2015-10-11 06:00:00,9,6,10,2015,284.82043
2015-10-11 07:00:00,10,6,10,2015,284.9927
2015-10-11 08:00:00,11,6,10,2015,286.25537
2015-10-11 09:00:00,12,6,10,2015,286.9554
2015-10-11 10:00:00,13,6,10,2015,287.7232
2015-10-11 11:00:00,14,6,10,2015,287.9677
2015-10-11 12:00:00,15,6,10,2015,288.04016
2015-10-11 13:00:00,16,6,10,2015,287.8432
2015-10-11 14:00:00,17,6,10,2015,287.1409
2015-10-11 15:00:00,18,6,10,2015,287.12344
2015-10-11 16:00:00,19,6,10,2015,286.77817
2015-10-11 17:00:00,20,6,10,2015,285.62732
2015-10-11 18:00:00,21,6,10,2015,285.42014
2015-10-11 19:00:00,22,6,10,2015,285.37018
2015-10-11 20:00:00,23,6,10,2015,284.82443
2015-10-11 21:00:00,0,0,10,2015,284.58896
2015-10-11 22:00:00,1,0,10,2015,284.24075
2015-10-11 23:00:00,2,0,10,2015,283.69528
2015-10-12 00:00:00,3,0,10,2015,283.20544
2015-10-12 01:00:00,4,0,10,2015,283.05444
2015-10-12 02:00:00,5,0,10,2015,282.53375
2015-10-12 03:00:00,6,0,10,2015,282.53583
2015-10-12 04:00:00,7,0,10,2015,282.45062
2015-10-12 05:00:00,8,0,10,2015,282.21765
2015-10-12 06:00:00,9,0,10,2015,282.2225
2015-10-12 07:00:00,10,0,10,2015,282.19943
2015-10-12 08:00:00,11,0,10,2015,282.7788
2015-10-12 09:00:00,12,0,10,2015,282.73645
2015-10-12 10:00:00,13,0,10,2015,283.41727
2015-10-12 11:00:00,14,0,10,2015,283.46008
2015-10-12 12:00:00,15,0,10,2015,283.38226
2015-10-12 13:00:00,16,0,10,2015,283.3849
2015-10-12 14:00:00,17,0,10,2015,282.72278
2015-10-12 15:00:00,18,0,10,2015,282.5821
2015-10-12 16:00:00,19,0,10,2015,282.50476
2015-10-12 17:00:00,20,0,10,2015,281.39133
2015-10-12 18:00:00,21,0,10,2015,281.40222
2015-10-12 19:00:00,22,0,10,2015,281.35214
2015-10-12 20:00:00,23,0,10,2015,280.87732
2015-10-12 21:00:00,0,1,10,2015,280.7024
2015-10-12 22:00:00,1,1,10,2015,280.05475
2015-10-12 23:00:00,2,1,10,2015,280.03284
2015-10-13 00:00:00,3,1,10,2015,280.0196
2015-10-13 01:00:00,4,1,10,2015,280.10455
2015-10-13 02:00:00,5,1,10,2015,279.88425
2015-10-13 03:00:00,6,1,10,2015,279.86462
2015-10-13 04:00:00,7,1,10,2015,279.84534
2015-10-13 05:00:00,8,1,10,2015,280.20758
2015-10-13 06:00:00,9,1,10,2015,279.87195
2015-10-13 07:00:00,10,1,10,2015,279.80606
2015-10-13 08:00:00,11,1,10,2015,281.55313
2015-10-13 09:00:00,12,1,10,2015,281.75323
2015-10-13 10:00:00,13,1,10,2015,283.4405
2015-10-13 11:00:00,14,1,10,2015,283.75925
2015-10-13 12:00:00,15,1,10,2015,283.9928
2015-10-13 13:00:00,16,1,10,2015,284.07126
2015-10-13 14:00:00,17,1,10,2015,283.98938
2015-10-13 15:00:00,18,1,10,2015,283.76758
2015-10-13 16:00:00,19,1,10,2015,282.91415
2015-10-13 17:00:00,20,1,10,2015,280.58264
2015-10-13 18:00:00,21,1,10,2015,280.61212
2015-10-13 19:00:00,22,1,10,2015,280.83078
2015-10-13 20:00:00,23,1,10,2015,280.18948
2015-10-13 21:00:00,0,2,10,2015,280.20724
2015-10-13 22:00:00,1,2,10,2015,279.898
2015-10-13 23:00:00,2,2,10,2015,279.9189
2015-10-14 00:00:00,3,2,10,2015,279.90622
2015-10-14 01:00:00,4,2,10,2015,279.93884
2015-10-14 02:00:00,5,2,10,2015,279.56836
2015-10-14 03:00:00,6,2,10,2015,279.4626
2015-10-14 04:00:00,7,2,10,2015,279.44095
2015-10-14 05:00:00,8,2,10,2015,279.99182
2015-10-14 06:00:00,9,2,10,2015,280.4793
2015-10-14 07:00:00,10,2,10,2015,281.25055
2015-10-14 08:00:00,11,2,10,2015,284.53104
2015-10-14 09:00:00,12,2,10,2015,285.19864
2015-10-14 10:00:00,13,2,10,2015,287.20624
2015-10-14 11:00:00,14,2,10,2015,287.4685
2015-10-14 12:00:00,15,2,10,2015,287.8819
2015-10-14 13:00:00,16,2,10,2015,288.0924
2015-10-14 14:00:00,17,2,10,2015,287.82202
2015-10-14 15:00:00,18,2,10,2015,287.32037
2015-10-14 16:00:00,19,2,10,2015,286.48273
2015-10-14 17:00:00,20,2,10,2015,284.98572
2015-10-14 18:00:00,21,2,10,2015,284.65073
2015-10-14 19:00:00,22,2,10,2015,284.54373
2015-10-14 20:00:00,23,2,10,2015,283.75842
2015-10-14 21:00:00,0,3,10,2015,283.57208
2015-10-14 22:00:00,1,3,10,2015,283.30872
2015-10-14 23:00:00,2,3,10,2015,283.31216
2015-10-15 00:00:00,3,3,10,2015,283.04608
2015-10-15 01:00:00,4,3,10,2015,283.06778
2015-10-15 02:00:00,5,3,10,2015,283.0181
2015-10-15 03:00:00,6,3,10,2015,282.8691
2015-10-15 04:00:00,7,3,10,2015,282.83636
2015-10-15 05:00:00,8,3,10,2015,283.11487
2015-10-15 06:00:00,9,3,10,2015,283.5772
2015-10-15 07:00:00,10,3,10,2015,284.3422
2015-10-15 08:00:00,11,3,10,2015,286.7075
2015-10-15 09:00:00,12,3,10,2015,287.31665
2015-10-15 10:00:00,13,3,10,2015,288.63953
2015-10-15 11:00:00,14,3,10,2015,288.59976
2015-10-15 12:00:00,15,3,10,2015,288.6119
2015-10-15 13:00:00,16,3,10,2015,288.5331
2015-10-15 14:00:00,17,3,10,2015,287.55957
2015-10-15 15:00:00,18,3,10,2015,287.1581
2015-10-15 16:00:00,19,3,10,2015,286.8718
2015-10-15 17:00:00,20,3,10,2015,285.60434
2015-10-15 18:00:00,21,3,10,2015,285.39215
2015-10-15 19:00:00,22,3,10,2015,285.39664
2015-10-15 20:00:00,23,3,10,2015,284.94934
2015-10-15 21:00:00,0,4,10,2015,284.89154
2015-10-15 22:00:00,1,4,10,2015,284.46692
2015-10-15 23:00:00,2,4,10,2015,284.454
2015-10-16 00:00:00,3,4,10,2015,284.39868
2015-10-16 01:00:00,4,4,10,2015,284.5076
2015-10-16 02:00:00,5,4,10,2015,284.14352
2015-10-16 03:00:00,6,4,10,2015,283.97372
2015-10-16 04:00:00,7,4,10,2015,283.9242
2015-10-16 05:00:00,8,4,10,2015,283.8485
2015-10-16 06:00:00,9,4,10,2015,283.85455
2015-10-16 07:00:00,10,4,10,2015,284.104
2015-10-16 08:00:00,11,4,10,2015,286.20786
2015-10-16 09:00:00,12,4,10,2015,286.34595
2015-10-16 10:00:00,13,4,10,2015,287.67273
2015-10-16 11:00:00,14,4,10,2015,287.6095
2015-10-16 12:00:00,15,4,10,2015,287.48273
2015-10-16 13:00:00,16,4,10,2015,287.40573
2015-10-16 14:00:00,17,4,10,2015,286.45486
2015-10-16 15:00:00,18,4,10,2015,286.19376
2015-10-16 16:00:00,19,4,10,2015,285.94778
2015-10-16 17:00:00,20,4,10,2015,285.14368
2015-10-16 18:00:00,21,4,10,2015,285.02185
2015-10-16 19:00:00,22,4,10,2015,285.17728
2015-10-16 20:00:00,23,4,10,2015,285.21832
2015-10-16 21:00:00,0,5,10,2015,285.17386
2015-10-16 22:00:00,1,5,10,2015,284.97714
2015-10-16 23:00:00,2,5,10,2015,284.82623
2015-10-17 00:00:00,3,5,10,2015,284.7126
2015-10-17 01:00:00,4,5,10,2015,284.87195
2015-10-17 02:00:00,5,5,10,2015,284.50696
2015-10-17 03:00:00,6,5,10,2015,284.47375
2015-10-17 04:00:00,7,5,10,2015,284.4792
2015-10-17 05:00:00,8,5,10,2015,284.46854
2015-10-17 06:00:00,9,5,10,2015,284.68158
2015-10-17 07:00:00,10,5,10,2015,285.13132
2015-10-17 08:00:00,11,5,10,2015,287.51462
2015-10-17 09:00:00,12,5,10,2015,287.99704
2015-10-17 10:00:00,13,5,10,2015,290.107
2015-10-17 11:00:00,14,5,10,2015,290.23563
2015-10-17 12:00:00,15,5,10,2015,290.13742
2015-10-17 13:00:00,16,5,10,2015,290.08157
2015-10-17 14:00:00,17,5,10,2015,289.67886
2015-10-17 15:00:00,18,5,10,2015,289.192
2015-10-17 16:00:00,19,5,10,2015,288.67828
2015-10-17 17:00:00,20,5,10,2015,286.17584
2015-10-17 18:00:00,21,5,10,2015,286.04352
2015-10-17 19:00:00,22,5,10,2015,285.91367
2015-10-17 20:00:00,23,5,10,2015,285.3251
2015-10-17 21:00:00,0,6,10,2015,285.14612
2015-10-17 22:00:00,1,6,10,2015,284.02545
2015-10-17 23:00:00,2,6,10,2015,284.0383
2015-10-18 00:00:00,3,6,10,2015,284.20602
2015-10-18 01:00:00,4,6,10,2015,284.32266
2015-10-18 02:00:00,5,6,10,2015,283.6022
2015-10-18 03:00:00,6,6,10,2015,283.50763
2015-10-18 04:00:00,7,6,10,2015,283.41614
2015-10-18 05:00:00,8,6,10,2015,283.64078
2015-10-18 06:00:00,9,6,10,2015,283.79822
2015-10-18 07:00:00,10,6,10,2015,284.17313
2015-10-18 08:00:00,11,6,10,2015,288.255
2015-10-18 09:00:00,12,6,10,2015,288.90778
2015-10-18 10:00:00,13,6,10,2015,291.13205
2015-10-18 11:00:00,14,6,10,2015,291.36795
2015-10-18 12:00:00,15,6,10,2015,291.41495
2015-10-18 13:00:00,16,6,10,2015,291.55023
2015-10-18 14:00:00,17,6,10,2015,290.9995
2015-10-18 15:00:00,18,6,10,2015,290.6939
2015-10-18 16:00:00,19,6,10,2015,290.80457
2015-10-18 17:00:00,20,6,10,2015,287.06967
2015-10-18 18:00:00,21,6,10,2015,285.94952
2015-10-18 19:00:00,22,6,10,2015,285.4852
2015-10-18 20:00:00,23,6,10,2015,284.13434
2015-10-18 21:00:00,0,0,10,2015,283.9841
2015-10-18 22:00:00,1,0,10,2015,283.02182
2015-10-18 23:00:00,2,0,10,2015,283.00574
2015-10-19 00:00:00,3,0,10,2015,283.1625
2015-10-19 01:00:00,4,0,10,2015,283.28674
2015-10-19 02:00:00,5,0,10,2015,282.83804
2015-10-19 03:00:00,6,0,10,2015,282.84387
2015-10-19 04:00:00,7,0,10,2015,282.8114
2015-10-19 05:00:00,8,0,10,2015,282.9301
2015-10-19 06:00:00,9,0,10,2015,283.4198
2015-10-19 07:00:00,10,0,10,2015,284.2923
2015-10-19 08:00:00,11,0,10,2015,288.26086
2015-10-19 09:00:00,12,0,10,2015,288.5037
2015-10-19 10:00:00,13,0,10,2015,291.16888
2015-10-19 11:00:00,14,0,10,2015,291.44812
2015-10-19 12:00:00,15,0,10,2015,291.41113
2015-10-19 13:00:00,16,0,10,2015,291.39304
2015-10-19 14:00:00,17,0,10,2015,290.7983
2015-10-19 15:00:00,18,0,10,2015,290.50793
2015-10-19 16:00:00,19,0,10,2015,289.80344
2015-10-19 17:00:00,20,0,10,2015,287.97156
2015-10-19 18:00:00,21,0,10,2015,287.04977
2015-10-19 19:00:00,22,0,10,2015,286.75455
2015-10-19 20:00:00,23,0,10,2015,286.05365
2015-10-19 21:00:00,0,1,10,2015,285.81183
2015-10-19 22:00:00,1,1,10,2015,285.62857
2015-10-19 23:00:00,2,1,10,2015,285.47754
2015-10-20 00:00:00,3,1,10,2015,285.36627
2015-10-20 01:00:00,4,1,10,2015,285.125
2015-10-20 02:00:00,5,1,10,2015,284.86438
2015-10-20 03:00:00,6,1,10,2015,284.6589
2015-10-20 04:00:00,7,1,10,2015,284.8375
2015-10-20 05:00:00,8,1,10,2015,284.68494
2015-10-20 06:00:00,9,1,10,2015,285.28854
2015-10-20 07:00:00,10,1,10,2015,286.32135
2015-10-20 08:00:00,11,1,10,2015,288.45508
2015-10-20 09:00:00,12,1,10,2015,288.8379
2015-10-20 10:00:00,13,1,10,2015,289.66516
2015-10-20 11:00:00,14,1,10,2015,289.77847
2015-10-20 12:00:00,15,1,10,2015,289.9747
2015-10-20 13:00:00,16,1,10,2015,289.80453
2015-10-20 14:00:00,17,1,10,2015,288.52972
2015-10-20 15:00:00,18,1,10,2015,287.92
2015-10-20 16:00:00,19,1,10,2015,287.53723
2015-10-20 17:00:00,20,1,10,2015,285.6803
2015-10-20 18:00:00,21,1,10,2015,285.4768
2015-10-20 19:00:00,22,1,10,2015,285.29456
2015-10-20 20:00:00,23,1,10,2015,283.89487
2015-10-20 21:00:00,0,2,10,2015,283.8526
2015-10-20 22:00:00,1,2,10,2015,282.86652
2015-10-20 23:00:00,2,2,10,2015,282.71536
2015-10-21 00:00:00,3,2,10,2015,282.2002
2015-10-21 01:00:00,4,2,10,2015,282.22418
2015-10-21 02:00:00,5,2,10,2015,281.17325
2015-10-21 03:00:00,6,2,10,2015,280.92322
2015-10-21 04:00:00,7,2,10,2015,280.93433
2015-10-21 05:00:00,8,2,10,2015,280.4437
2015-10-21 06:00:00,9,2,10,2015,280.17004
2015-10-21 07:00:00,10,2,10,2015,280.20227
2015-10-21 08:00:00,11,2,10,2015,282.21228
2015-10-21 09:00:00,12,2,10,2015,282.4365
2015-10-21 10:00:00,13,2,10,2015,284.15088
2015-10-21 11:00:00,14,2,10,2015,284.5279
2015-10-21 12:00:00,15,2,10,2015,284.82062
2015-10-21 13:00:00,16,2,10,2015,285.01926
2015-10-21 14:00:00,17,2,10,2015,284.36115
2015-10-21 15:00:00,18,2,10,2015,284.10657
2015-10-21 16:00:00,19,2,10,2015,283.79306
2015-10-21 17:00:00,20,2,10,2015,280.93826
2015-10-21 18:00:00,21,2,10,2015,280.8801
2015-10-21 19:00:00,22,2,10,2015,280.85208
2015-10-21 20:00:00,23,2,10,2015,279.9313
2015-10-21 21:00:00,0,3,10,2015,279.7229
2015-10-21 22:00:00,1,3,10,2015,278.7327
2015-10-21 23:00:00,2,3,10,2015,278.59195
2015-10-22 00:00:00,3,3,10,2015,278.6631
2015-10-22 01:00:00,4,3,10,2015,278.7821
2015-10-22 02:00:00,5,3,10,2015,278.54254
2015-10-22 03:00:00,6,3,10,2015,278.33856
2015-10-22 04:00:00,7,3,10,2015,278.2512
2015-10-22 05:00:00,8,3,10,2015,278.1668
2015-10-22 06:00:00,9,3,10,2015,278.47235
2015-10-22 07:00:00,10,3,10,2015,278.75833
2015-10-22 08:00:00,11,3,10,2015,280.58826
2015-10-22 09:00:00,12,3,10,2015,280.88867
2015-10-22 10:00:00,13,3,10,2015,281.74304
2015-10-22 11:00:00,14,3,10,2015,281.7864
2015-10-22 12:00:00,15,3,10,2015,281.73398
2015-10-22 13:00:00,16,3,10,2015,281.69543
2015-10-22 14:00:00,17,3,10,2015,281.22177
2015-10-22 15:00:00,18,3,10,2015,281.0418
2015-10-22 16:00:00,19,3,10,2015,281.07843
2015-10-22 17:00:00,20,3,10,2015,280.73364
2015-10-22 18:00:00,21,3,10,2015,280.72717
2015-10-22 19:00:00,22,3,10,2015,280.86652
2015-10-22 20:00:00,23,3,10,2015,280.8069
2015-10-22 21:00:00,0,4,10,2015,280.78024
2015-10-22 22:00:00,1,4,10,2015,280.58484
2015-10-22 23:00:00,2,4,10,2015,280.5792
2015-10-23 00:00:00,3,4,10,2015,280.4772
2015-10-23 01:00:00,4,4,10,2015,280.53198
2015-10-23 02:00:00,5,4,10,2015,280.47714
2015-10-23 03:00:00,6,4,10,2015,280.43307
2015-10-23 04:00:00,7,4,10,2015,280.59174
2015-10-23 05:00:00,8,4,10,2015,280.50882
2015-10-23 06:00:00,9,4,10,2015,280.27032
2015-10-23 07:00:00,10,4,10,2015,279.95874
2015-10-23 08:00:00,11,4,10,2015,281.26804
2015-10-23 09:00:00,12,4,10,2015,281.11853
2015-10-23 10:00:00,13,4,10,2015,282.554
2015-10-23 11:00:00,14,4,10,2015,282.52014
2015-10-23 12:00:00,15,4,10,2015,282.6241
2015-10-23 13:00:00,16,4,10,2015,282.6881
2015-10-23 14:00:00,17,4,10,2015,282.557
2015-10-23 15:00:00,18,4,10,2015,282.4976
2015-10-23 16:00:00,19,4,10,2015,282.63638
2015-10-23 17:00:00,20,4,10,2015,280.46927
2015-10-23 18:00:00,21,4,10,2015,280.55676
2015-10-23 19:00:00,22,4,10,2015,280.5787
2015-10-23 20:00:00,23,4,10,2015,279.66385
2015-10-23 21:00:00,0,5,10,2015,279.59473
2015-10-23 22:00:00,1,5,10,2015,278.87744
2015-10-23 23:00:00,2,5,10,2015,278.54376
2015-10-24 00:00:00,3,5,10,2015,278.33478
2015-10-24 01:00:00,4,5,10,2015,278.3711
2015-10-24 02:00:00,5,5,10,2015,277.77374
2015-10-24 03:00:00,6,5,10,2015,277.58777
2015-10-24 04:00:00,7,5,10,2015,277.52408
2015-10-24 05:00:00,8,5,10,2015,277.37106
2015-10-24 06:00:00,9,5,10,2015,277.6234
2015-10-24 07:00:00,10,5,10,2015,278.34613
2015-10-24 08:00:00,11,5,10,2015,282.74878
2015-10-24 09:00:00,12,5,10,2015,283.37717
2015-10-24 10:00:00,13,5,10,2015,285.92773
2015-10-24 11:00:00,14,5,10,2015,286.13214
2015-10-24 12:00:00,15,5,10,2015,286.05597
2015-10-24 13:00:00,16,5,10,2015,286.06497
2015-10-24 14:00:00,17,5,10,2015,285.27808
2015-10-24 15:00:00,18,5,10,2015,284.75974
2015-10-24 16:00:00,19,5,10,2015,284.27216
2015-10-24 17:00:00,20,5,10,2015,281.27686
2015-10-24 18:00:00,21,5,10,2015,281.0805
2015-10-24 19:00:00,22,5,10,2015,281.1372
2015-10-24 20:00:00,23,5,10,2015,280.05374
2015-10-24 21:00:00,0,6,10,2015,280.07797
2015-10-24 22:00:00,1,6,10,2015,279.17374
2015-10-24 23:00:00,2,6,10,2015,279.10623
2015-10-25 00:00:00,3,6,10,2015,279.06622
2015-10-25 01:00:00,3,6,10,2015,278.94702
2015-10-25 02:00:00,4,6,10,2015,277.92648
2015-10-25 03:00:00,5,6,10,2015,277.55673
2015-10-25 04:00:00,6,6,10,2015,277.5255
2015-10-25 05:00:00,7,6,10,2015,277.15057
2015-10-25 06:00:00,8,6,10,2015,276.42215
2015-10-25 07:00:00,9,6,10,2015,277.33273
2015-10-25 08:00:00,10,6,10,2015,282.96204
2015-10-25 09:00:00,11,6,10,2015,283.61877
2015-10-25 10:00:00,12,6,10,2015,286.77795
2015-10-25 11:00:00,13,6,10,2015,287.13943
2015-10-25 12:00:00,14,6,10,2015,287.49976
2015-10-25 13:00:00,15,6,10,2015,287.71277
2015-10-25 14:00:00,16,6,10,2015,287.30795
2015-10-25 15:00:00,17,6,10,2015,287.33997
2015-10-25 16:00:00,18,6,10,2015,287.3466
2015-10-25 17:00:00,19,6,10,2015,282.2581
2015-10-25 18:00:00,20,6,10,2015,282.03888
2015-10-25 19:00:00,21,6,10,2015,282.04425
2015-10-25 20:00:00,22,6,10,2015,279.93256
2015-10-25 21:00:00,23,6,10,2015,279.5989
2015-10-25 22:00:00,0,0,10,2015,277.74878
2015-10-25 23:00:00,1,0,10,2015,277.5889
2015-10-26 00:00:00,2,0,10,2015,277.18713
2015-10-26 01:00:00,3,0,10,2015,276.998
2015-10-26 02:00:00,4,0,10,2015,276.61328
2015-10-26 03:00:00,5,0,10,2015,276.55905
2015-10-26 04:00:00,6,0,10,2015,276.43613
2015-10-26 05:00:00,7,0,10,2015,276.38733
2015-10-26 06:00:00,8,0,10,2015,276.88947
2015-10-26 07:00:00,9,0,10,2015,278.00424
2015-10-26 08:00:00,10,0,10,2015,283.58777
2015-10-26 09:00:00,11,0,10,2015,284.1515
2015-10-26 10:00:00,12,0,10,2015,287.55045
2015-10-26 11:00:00,13,0,10,2015,287.8443
2015-10-26 12:00:00,14,0,10,2015,288.02155
2015-10-26 13:00:00,15,0,10,2015,288.18573
2015-10-26 14:00:00,16,0,10,2015,287.34906
2015-10-26 15:00:00,17,0,10,2015,287.29172
2015-10-26 16:00:00,18,0,10,2015,287.25467
2015-10-26 17:00:00,19,0,10,2015,282.61224
2015-10-26 18:00:00,20,0,10,2015,282.463
2015-10-26 19:00:00,21,0,10,2015,281.9741
2015-10-26 20:00:00,22,0,10,2015,280.06638
2015-10-26 21:00:00,23,0,10,2015,279.52698
2015-10-26 22:00:00,0,1,10,2015,278.89722
2015-10-26 23:00:00,1,1,10,2015,278.7573
2015-10-27 00:00:00,2,1,10,2015,278.74518
2015-10-27 01:00:00,3,1,10,2015,278.70065
2015-10-27 02:00:00,4,1,10,2015,278.50217
2015-10-27 03:00:00,5,1,10,2015,278.1259
2015-10-27 04:00:00,6,1,10,2015,277.98477
2015-10-27 05:00:00,7,1,10,2015,278.05066
2015-10-27 06:00:00,8,1,10,2015,278.23425
2015-10-27 07:00:00,9,1,10,2015,279.00522
2015-10-27 08:00:00,10,1,10,2015,282.75983
2015-10-27 09:00:00,11,1,10,2015,283.16635
2015-10-27 10:00:00,12,1,10,2015,285.35675
2015-10-27 11:00:00,13,1,10,2015,285.7685
2015-10-27 12:00:00,14,1,10,2015,285.79092
2015-10-27 13:00:00,15,1,10,2015,286.08127
2015-10-27 14:00:00,16,1,10,2015,285.2428
2015-10-27 15:00:00,17,1,10,2015,284.92566
2015-10-27 16:00:00,18,1,10,2015,283.9547
2015-10-27 17:00:00,19,1,10,2015,280.27167
2015-10-27 18:00:00,20,1,10,2015,280.14536
2015-10-27 19:00:00,21,1,10,2015,280.10324
2015-10-27 20:00:00,22,1,10,2015,278.5532
2015-10-27 21:00:00,23,1,10,2015,278.54755
2015-10-27 22:00:00,0,2,10,2015,277.86014
2015-10-27 23:00:00,1,2,10,2015,277.8764
2015-10-28 00:00:00,2,2,10,2015,277.6493
2015-10-28 01:00:00,3,2,10,2015,277.7325
2015-10-28 02:00:00,4,2,10,2015,276.96555
2015-10-28 03:00:00,5,2,10,2015,277.02652
2015-10-28 04:00:00,6,2,10,2015,277.09366
2015-10-28 05:00:00,7,2,10,2015,277.19257
2015-10-28 06:00:00,8,2,10,2015,277.04935
2015-10-28 07:00:00,9,2,10,2015,277.6942
2015-10-28 08:00:00,10,2,10,2015,282.2176
2015-10-28 09:00:00,11,2,10,2015,282.72202
2015-10-28 10:00:00,12,2,10,2015,286.15082
2015-10-28 11:00:00,13,2,10,2015,286.41855
2015-10-28 12:00:00,14,2,10,2015,286.50912
2015-10-28 13:00:00,15,2,10,2015,286.51593
2015-10-28 14:00:00,16,2,10,2015,285.54526
2015-10-28 15:00:00,17,2,10,2015,285.04688
2015-10-28 16:00:00,18,2,10,2015,283.94836
2015-10-28 17:00:00,19,2,10,2015,279.76495
2015-10-28 18:00:00,20,2,10,2015,279.75674
2015-10-28 19:00:00,21,2,10,2015,279.46277
2015-10-28 20:00:00,22,2,10,2015,277.8792
2015-10-28 21:00:00,23,2,10,2015,277.41434
2015-10-28 22:00:00,0,3,10,2015,276.20206
2015-10-28 23:00:00,1,3,10,2015,276.16534
2015-10-29 00:00:00,2,3,10,2015,275.7564
2015-10-29 01:00:00,3,3,10,2015,275.64978
2015-10-29 02:00:00,4,3,10,2015,274.7601
2015-10-29 03:00:00,5,3,10,2015,274.41925
2015-10-29 04:00:00,6,3,10,2015,274.37726
2015-10-29 05:00:00,7,3,10,2015,274.28284
2015-10-29 06:00:00,8,3,10,2015,275.13235
2015-10-29 07:00:00,9,3,10,2015,276.71033
2015-10-29 08:00:00,10,3,10,2015,282.8938
2015-10-29 09:00:00,11,3,10,2015,283.55975
2015-10-29 10:00:00,12,3,10,2015,286.69995
2015-10-29 11:00:00,13,3,10,2015,286.94537
2015-10-29 12:00:00,14,3,10,2015,286.89938
2015-10-29 13:00:00,15,3,10,2015,286.9457
2015-10-29 14:00:00,16,3,10,2015,285.56183
2015-10-29 15:00:00,17,3,10,2015,284.52524
2015-10-29 16:00:00,18,3,10,2015,283.5987
2015-10-29 17:00:00,19,3,10,2015,280.1434
2015-10-29 18:00:00,20,3,10,2015,280.1554
2015-10-29 19:00:00,21,3,10,2015,280.11432
2015-10-29 20:00:00,22,3,10,2015,278.65112
2015-10-29 21:00:00,23,3,10,2015,278.70398
2015-10-29 22:00:00,0,4,10,2015,277.35452
2015-10-29 23:00:00,1,4,10,2015,277.31158
2015-10-30 00:00:00,2,4,10,2015,277.1088
2015-10-30 01:00:00,3,4,10,2015,276.96725
2015-10-30 02:00:00,4,4,10,2015,276.27295
2015-10-30 03:00:00,5,4,10,2015,276.19296
2015-10-30 04:00:00,6,4,10,2015,276.29782
2015-10-30 05:00:00,7,4,10,2015,276.55536
2015-10-30 06:00:00,8,4,10,2015,276.71982
2015-10-30 07:00:00,9,4,10,2015,277.62573
2015-10-30 08:00:00,10,4,10,2015,282.2341
2015-10-30 09:00:00,11,4,10,2015,282.71017
2015-10-30 10:00:00,12,4,10,2015,286.0131
2015-10-30 11:00:00,13,4,10,2015,286.17908
2015-10-30 12:00:00,14,4,10,2015,286.2415
2015-10-30 13:00:00,15,4,10,2015,286.03583
2015-10-30 14:00:00,16,4,10,2015,285.12753
2015-10-30 15:00:00,17,4,10,2015,284.89127
2015-10-30 16:00:00,18,4,10,2015,284.16248
2015-10-30 17:00:00,19,4,10,2015,280.4553
2015-10-30 18:00:00,20,4,10,2015,280.56506
2015-10-30 19:00:00,21,4,10,2015,280.68616
2015-10-30 20:00:00,22,4,10,2015,279.6326
2015-10-30 21:00:00,23,4,10,2015,279.5355
2015-10-30 22:00:00,0,5,10,2015,278.885
2015-10-30 23:00:00,1,5,10,2015,278.79358
2015-10-31 00:00:00,2,5,10,2015,278.8736
2015-10-31 01:00:00,3,5,10,2015,279.13983
2015-10-31 02:00:00,4,5,10,2015,278.45233
2015-10-31 03:00:00,5,5,10,2015,278.65274
2015-10-31 04:00:00,6,5,10,2015,278.7172
2015-10-31 05:00:00,7,5,10,2015,278.6675
2015-10-31 06:00:00,8,5,10,2015,279.76205
2015-10-31 07:00:00,9,5,10,2015,280.0501
2015-10-31 08:00:00,10,5,10,2015,281.68225
2015-10-31 09:00:00,11,5,10,2015,281.88113
2015-10-31 10:00:00,12,5,10,2015,283.9696
2015-10-31 11:00:00,13,5,10,2015,283.9227
2015-10-31 12:00:00,14,5,10,2015,283.56366
2015-10-31 13:00:00,15,5,10,2015,283.541
2015-10-31 14:00:00,16,5,10,2015,282.36252
2015-10-31 15:00:00,17,5,10,2015,282.36584
2015-10-31 16:00:00,18,5,10,2015,282.1294
2015-10-31 17:00:00,19,5,10,2015,279.31262
2015-10-31 18:00:00,20,5,10,2015,279.32098
2015-10-31 19:00:00,21,5,10,2015,279.48645
2015-10-31 20:00:00,22,5,10,2015,277.9893
2015-10-31 21:00:00,23,5,10,2015,278.11276
2015-10-31 22:00:00,0,6,11,2015,276.7425
2015-10-31 23:00:00,1,6,11,2015,276.56927
2015-11-01 00:00:00,2,6,11,2015,276.2082
2015-11-01 01:00:00,3,6,11,2015,276.06766
2015-11-01 02:00:00,4,6,11,2015,275.16504
2015-11-01 03:00:00,5,6,11,2015,275.0374
2015-11-01 04:00:00,6,6,11,2015,275.04904
2015-11-01 05:00:00,7,6,11,2015,274.63544
2015-11-01 06:00:00,8,6,11,2015,274.47647
2015-11-01 07:00:00,9,6,11,2015,274.8817
2015-11-01 08:00:00,10,6,11,2015,280.563
2015-11-01 09:00:00,11,6,11,2015,280.97372
2015-11-01 10:00:00,12,6,11,2015,284.0403
2015-11-01 11:00:00,13,6,11,2015,284.16663
2015-11-01 12:00:00,14,6,11,2015,284.18127
2015-11-01 13:00:00,15,6,11,2015,284.07867
2015-11-01 14:00:00,16,6,11,2015,283.18286
2015-11-01 15:00:00,17,6,11,2015,282.89865
2015-11-01 16:00:00,18,6,11,2015,281.74008
2015-11-01 17:00:00,19,6,11,2015,277.36496
2015-11-01 18:00:00,20,6,11,2015,277.01315
2015-11-01 19:00:00,21,6,11,2015,277.11032
2015-11-01 20:00:00,22,6,11,2015,275.33215
2015-11-01 21:00:00,23,6,11,2015,275.2552
2015-11-01 22:00:00,0,0,11,2015,273.65234
2015-11-01 23:00:00,1,0,11,2015,273.45087
2015-11-02 00:00:00,2,0,11,2015,273.37677
2015-11-02 01:00:00,3,0,11,2015,273.14304
2015-11-02 02:00:00,4,0,11,2015,272.39993
2015-11-02 03:00:00,5,0,11,2015,272.80896
2015-11-02 04:00:00,6,0,11,2015,272.68143
2015-11-02 05:00:00,7,0,11,2015,272.18738
2015-11-02 06:00:00,8,0,11,2015,272.60983
2015-11-02 07:00:00,9,0,11,2015,274.39044
2015-11-02 08:00:00,10,0,11,2015,280.44296
2015-11-02 09:00:00,11,0,11,2015,281.11627
2015-11-02 10:00:00,12,0,11,2015,285.61154
2015-11-02 11:00:00,13,0,11,2015,285.8892
2015-11-02 12:00:00,14,0,11,2015,286.07297
2015-11-02 13:00:00,15,0,11,2015,286.32645
2015-11-02 14:00:00,16,0,11,2015,285.68344
2015-11-02 15:00:00,17,0,11,2015,285.50745
2015-11-02 16:00:00,18,0,11,2015,284.382
2015-11-02 17:00:00,19,0,11,2015,280.20532
2015-11-02 18:00:00,20,0,11,2015,279.53284
2015-11-02 19:00:00,21,0,11,2015,279.1945
2015-11-02 20:00:00,22,0,11,2015,277.31317
2015-11-02 21:00:00,23,0,11,2015,276.833
2015-11-02 22:00:00,0,1,11,2015,275.91132
2015-11-02 23:00:00,1,1,11,2015,276.0111
2015-11-03 00:00:00,2,1,11,2015,275.79987
2015-11-03 01:00:00,3,1,11,2015,275.70584
2015-11-03 02:00:00,4,1,11,2015,274.67108
2015-11-03 03:00:00,5,1,11,2015,274.4526
2015-11-03 04:00:00,6,1,11,2015,274.30862
2015-11-03 05:00:00,7,1,11,2015,273.9259
2015-11-03 06:00:00,8,1,11,2015,274.3205
2015-11-03 07:00:00,9,1,11,2015,275.43
2015-11-03 08:00:00,10,1,11,2015,281.95377
2015-11-03 09:00:00,11,1,11,2015,282.71793
2015-11-03 10:00:00,12,1,11,2015,287.89468
2015-11-03 11:00:00,13,1,11,2015,288.33475
2015-11-03 12:00:00,14,1,11,2015,288.59924
2015-11-03 13:00:00,15,1,11,2015,288.78638
2015-11-03 14:00:00,16,1,11,2015,287.887
2015-11-03 15:00:00,17,1,11,2015,287.12042
2015-11-03 16:00:00,18,1,11,2015,285.40417
2015-11-03 17:00:00,19,1,11,2015,280.49658
2015-11-03 18:00:00,20,1,11,2015,280.2378
2015-11-03 19:00:00,21,1,11,2015,279.74442
2015-11-03 20:00:00,22,1,11,2015,277.50793
2015-11-03 21:00:00,23,1,11,2015,276.87885
2015-11-03 22:00:00,0,2,11,2015,275.45193
2015-11-03 23:00:00,1,2,11,2015,275.24533
2015-11-04 00:00:00,2,2,11,2015,275.359
2015-11-04 01:00:00,3,2,11,2015,275.078
2015-11-04 02:00:00,4,2,11,2015,274.1528
2015-11-04 03:00:00,5,2,11,2015,274.14465
2015-11-04 04:00:00,6,2,11,2015,273.99524
2015-11-04 05:00:00,7,2,11,2015,274.16467
2015-11-04 06:00:00,8,2,11,2015,273.91467
2015-11-04 07:00:00,9,2,11,2015,276.55154
2015-11-04 08:00:00,10,2,11,2015,283.04114
2015-11-04 09:00:00,11,2,11,2015,283.71774
2015-11-04 10:00:00,12,2,11,2015,288.83176
2015-11-04 11:00:00,13,2,11,2015,289.17273
2015-11-04 12:00:00,14,2,11,2015,289.3223
2015-11-04 13:00:00,15,2,11,2015,289.47745
2015-11-04 14:00:00,16,2,11,2015,288.45862
2015-11-04 15:00:00,17,2,11,2015,287.67117
2015-11-04 16:00:00,18,2,11,2015,285.4678
2015-11-04 17:00:00,19,2,11,2015,281.02365
2015-11-04 18:00:00,20,2,11,2015,280.01266
2015-11-04 19:00:00,21,2,11,2015,280.08228
2015-11-04 20:00:00,22,2,11,2015,277.85632
2015-11-04 21:00:00,23,2,11,2015,277.35437
2015-11-04 22:00:00,0,3,11,2015,275.91788
2015-11-04 23:00:00,1,3,11,2015,275.6371
2015-11-05 00:00:00,2,3,11,2015,275.51038
2015-11-05 01:00:00,3,3,11,2015,274.97894
2015-11-05 02:00:00,4,3,11,2015,273.9464
2015-11-05 03:00:00,5,3,11,2015,273.942
2015-11-05 04:00:00,6,3,11,2015,273.79105
2015-11-05 05:00:00,7,3,11,2015,273.83676
2015-11-05 06:00:00,8,3,11,2015,274.3568
2015-11-05 07:00:00,9,3,11,2015,276.57272
2015-11-05 08:00:00,10,3,11,2015,282.60214
2015-11-05 09:00:00,11,3,11,2015,283.28418
2015-11-05 10:00:00,12,3,11,2015,288.2746
2015-11-05 11:00:00,13,3,11,2015,288.6927
2015-11-05 12:00:00,14,3,11,2015,288.85764
2015-11-05 13:00:00,15,3,11,2015,288.9818
2015-11-05 14:00:00,16,3,11,2015,287.7741
2015-11-05 15:00:00,17,3,11,2015,286.74454
2015-11-05 16:00:00,18,3,11,2015,285.7058
2015-11-05 17:00:00,19,3,11,2015,281.04105
2015-11-05 18:00:00,20,3,11,2015,280.9474
2015-11-05 19:00:00,21,3,11,2015,280.93915
2015-11-05 20:00:00,22,3,11,2015,278.48795
2015-11-05 21:00:00,23,3,11,2015,277.78226
2015-11-05 22:00:00,0,4,11,2015,276.1275
2015-11-05 23:00:00,1,4,11,2015,275.9581
2015-11-06 00:00:00,2,4,11,2015,275.50183
2015-11-06 01:00:00,3,4,11,2015,275.22375
2015-11-06 02:00:00,4,4,11,2015,274.31003
2015-11-06 03:00:00,5,4,11,2015,274.4777
2015-11-06 04:00:00,6,4,11,2015,274.35986
2015-11-06 05:00:00,7,4,11,2015,273.95642
2015-11-06 06:00:00,8,4,11,2015,274.23288
2015-11-06 07:00:00,9,4,11,2015,275.6133
2015-11-06 08:00:00,10,4,11,2015,280.95868
2015-11-06 09:00:00,11,4,11,2015,281.6317
2015-11-06 10:00:00,12,4,11,2015,286.063
2015-11-06 11:00:00,13,4,11,2015,286.40356
2015-11-06 12:00:00,14,4,11,2015,286.5036
2015-11-06 13:00:00,15,4,11,2015,286.50748
2015-11-06 14:00:00,16,4,11,2015,284.93127
2015-11-06 15:00:00,17,4,11,2015,284.51968
2015-11-06 16:00:00,18,4,11,2015,283.43457
2015-11-06 17:00:00,19,4,11,2015,279.65195
2015-11-06 18:00:00,20,4,11,2015,279.93265
2015-11-06 19:00:00,21,4,11,2015,279.7433
2015-11-06 20:00:00,22,4,11,2015,277.93774
2015-11-06 21:00:00,23,4,11,2015,277.85004
2015-11-06 22:00:00,0,5,11,2015,276.94293
2015-11-06 23:00:00,1,5,11,2015,276.99142
2015-11-07 00:00:00,2,5,11,2015,276.95914
2015-11-07 01:00:00,3,5,11,2015,276.55002
2015-11-07 02:00:00,4,5,11,2015,275.79922
2015-11-07 03:00:00,5,5,11,2015,275.57074
2015-11-07 04:00:00,6,5,11,2015,275.6412
2015-11-07 05:00:00,7,5,11,2015,275.37128
2015-11-07 06:00:00,8,5,11,2015,275.1222
2015-11-07 07:00:00,9,5,11,2015,275.70587
2015-11-07 08:00:00,10,5,11,2015,279.14075
2015-11-07 09:00:00,11,5,11,2015,279.59814
2015-11-07 10:00:00,12,5,11,2015,283.00815
2015-11-07 11:00:00,13,5,11,2015,283.35648
2015-11-07 12:00:00,14,5,11,2015,283.4765
2015-11-07 13:00:00,15,5,11,2015,283.54825
2015-11-07 14:00:00,16,5,11,2015,282.087
2015-11-07 15:00:00,17,5,11,2015,280.9542
2015-11-07 16:00:00,18,5,11,2015,280.5106
2015-11-07 17:00:00,19,5,11,2015,278.52853
2015-11-07 18:00:00,20,5,11,2015,278.05963
2015-11-07 19:00:00,21,5,11,2015,277.78546
2015-11-07 20:00:00,22,5,11,2015,276.47525
2015-11-07 21:00:00,23,5,11,2015,276.14038
2015-11-07 22:00:00,0,6,11,2015,275.55295
2015-11-07 23:00:00,1,6,11,2015,275.61462
2015-11-08 00:00:00,2,6,11,2015,275.64832
2015-11-08 01:00:00,3,6,11,2015,275.50616
2015-11-08 02:00:00,4,6,11,2015,275.18088
2015-11-08 03:00:00,5,6,11,2015,275.04507
2015-11-08 04:00:00,6,6,11,2015,274.83655
2015-11-08 05:00:00,7,6,11,2015,275.08087
2015-11-08 06:00:00,8,6,11,2015,275.46472
2015-11-08 07:00:00,9,6,11,2015,277.34048
2015-11-08 08:00:00,10,6,11,2015,281.02182
2015-11-08 09:00:00,11,6,11,2015,281.82654
2015-11-08 10:00:00,12,6,11,2015,286.05826
2015-11-08 11:00:00,13,6,11,2015,286.0594
2015-11-08 12:00:00,14,6,11,2015,286.0643
2015-11-08 13:00:00,15,6,11,2015,286.16342
2015-11-08 14:00:00,16,6,11,2015,285.7715
2015-11-08 15:00:00,17,6,11,2015,285.97107
2015-11-08 16:00:00,18,6,11,2015,285.35242
2015-11-08 17:00:00,19,6,11,2015,282.6239
2015-11-08 18:00:00,20,6,11,2015,282.72012
2015-11-08 19:00:00,21,6,11,2015,282.37772
2015-11-08 20:00:00,22,6,11,2015,281.99927
2015-11-08 21:00:00,23,6,11,2015,282.2151
2015-11-08 22:00:00,0,0,11,2015,281.18588
2015-11-08 23:00:00,1,0,11,2015,281.0402
2015-11-09 00:00:00,2,0,11,2015,281.01263
2015-11-09 01:00:00,3,0,11,2015,280.52307
2015-11-09 02:00:00,4,0,11,2015,279.82138
2015-11-09 03:00:00,5,0,11,2015,279.7582
2015-11-09 04:00:00,6,0,11,2015,279.68805
2015-11-09 05:00:00,7,0,11,2015,279.07092
2015-11-09 06:00:00,8,0,11,2015,279.13245
2015-11-09 07:00:00,9,0,11,2015,280.21472
2015-11-09 08:00:00,10,0,11,2015,285.81268
2015-11-09 09:00:00,11,0,11,2015,286.73563
2015-11-09 10:00:00,12,0,11,2015,290.75937
2015-11-09 11:00:00,13,0,11,2015,291.15903
2015-11-09 12:00:00,14,0,11,2015,291.28784
2015-11-09 13:00:00,15,0,11,2015,291.6399
2015-11-09 14:00:00,16,0,11,2015,289.9098
2015-11-09 15:00:00,17,0,11,2015,287.74466
2015-11-09 16:00:00,18,0,11,2015,286.53018
2015-11-09 17:00:00,19,0,11,2015,284.4737
2015-11-09 18:00:00,20,0,11,2015,284.49884
2015-11-09 19:00:00,21,0,11,2015,284.88174
2015-11-09 20:00:00,22,0,11,2015,284.9416
2015-11-09 21:00:00,23,0,11,2015,285.02957
2015-11-09 22:00:00,0,1,11,2015,284.63065
2015-11-09 23:00:00,1,1,11,2015,284.45007
2015-11-10 00:00:00,2,1,11,2015,284.1009
2015-11-10 01:00:00,3,1,11,2015,284.10187
2015-11-10 02:00:00,4,1,11,2015,283.6254
2015-11-10 03:00:00,5,1,11,2015,283.33594
2015-11-10 04:00:00,6,1,11,2015,283.40833
2015-11-10 05:00:00,7,1,11,2015,283.52896
2015-11-10 06:00:00,8,1,11,2015,283.49353
2015-11-10 07:00:00,9,1,11,2015,283.9295
2015-11-10 08:00:00,10,1,11,2015,287.1173
2015-11-10 09:00:00,11,1,11,2015,287.38074
2015-11-10 10:00:00,12,1,11,2015,289.2589
2015-11-10 11:00:00,13,1,11,2015,289.38388
2015-11-10 12:00:00,14,1,11,2015,289.41284
2015-11-10 13:00:00,15,1,11,2015,289.47205
2015-11-10 14:00:00,16,1,11,2015,288.31146
2015-11-10 15:00:00,17,1,11,2015,288.36426
2015-11-10 16:00:00,18,1,11,2015,288.16284
2015-11-10 17:00:00,19,1,11,2015,286.3625
2015-11-10 18:00:00,20,1,11,2015,286.34393
2015-11-10 19:00:00,21,1,11,2015,286.2143
2015-11-10 20:00:00,22,1,11,2015,285.86615
2015-11-10 21:00:00,23,1,11,2015,285.7031
2015-11-10 22:00:00,0,2,11,2015,284.49683
2015-11-10 23:00:00,1,2,11,2015,284.39728
2015-11-11 00:00:00,2,2,11,2015,284.13
2015-11-11 01:00:00,3,2,11,2015,283.88318
2015-11-11 02:00:00,4,2,11,2015,283.56516
2015-11-11 03:00:00,5,2,11,2015,283.59094
2015-11-11 04:00:00,6,2,11,2015,283.4432
2015-11-11 05:00:00,7,2,11,2015,283.36227
2015-11-11 06:00:00,8,2,11,2015,283.60767
2015-11-11 07:00:00,9,2,11,2015,284.47742
2015-11-11 08:00:00,10,2,11,2015,289.11536
2015-11-11 09:00:00,11,2,11,2015,289.6229
2015-11-11 10:00:00,12,2,11,2015,292.7276
2015-11-11 11:00:00,13,2,11,2015,292.9722
2015-11-11 12:00:00,14,2,11,2015,292.98553
2015-11-11 13:00:00,15,2,11,2015,292.7898
2015-11-11 14:00:00,16,2,11,2015,291.50427
2015-11-11 15:00:00,17,2,11,2015,290.53464
2015-11-11 16:00:00,18,2,11,2015,289.51172
2015-11-11 17:00:00,19,2,11,2015,286.61053
2015-11-11 18:00:00,20,2,11,2015,286.34583
2015-11-11 19:00:00,21,2,11,2015,286.249
2015-11-11 20:00:00,22,2,11,2015,284.61703
2015-11-11 21:00:00,23,2,11,2015,284.42743
2015-11-11 22:00:00,0,3,11,2015,283.36813
2015-11-11 23:00:00,1,3,11,2015,283.2836
2015-11-12 00:00:00,2,3,11,2015,283.1669
2015-11-12 01:00:00,3,3,11,2015,282.8861
2015-11-12 02:00:00,4,3,11,2015,281.7204
2015-11-12 03:00:00,5,3,11,2015,281.74884
2015-11-12 04:00:00,6,3,11,2015,281.5207
2015-11-12 05:00:00,7,3,11,2015,280.661
2015-11-12 06:00:00,8,3,11,2015,281.0031
2015-11-12 07:00:00,9,3,11,2015,282.21118
2015-11-12 08:00:00,10,3,11,2015,288.10217
2015-11-12 09:00:00,11,3,11,2015,288.73502
2015-11-12 10:00:00,12,3,11,2015,292.13748
2015-11-12 11:00:00,13,3,11,2015,292.38187
2015-11-12 12:00:00,14,3,11,2015,292.5703
2015-11-12 13:00:00,15,3,11,2015,292.655
2015-11-12 14:00:00,16,3,11,2015,291.18887
2015-11-12 15:00:00,17,3,11,2015,290.3145
2015-11-12 16:00:00,18,3,11,2015,289.31903
2015-11-12 17:00:00,19,3,11,2015,284.62692
2015-11-12 18:00:00,20,3,11,2015,284.4381
2015-11-12 19:00:00,21,3,11,2015,284.49142
2015-11-12 20:00:00,22,3,11,2015,282.97888
2015-11-12 21:00:00,23,3,11,2015,282.82788
2015-11-12 22:00:00,0,4,11,2015,282.1063
2015-11-12 23:00:00,1,4,11,2015,282.05054
2015-11-13 00:00:00,2,4,11,2015,281.9437
2015-11-13 01:00:00,3,4,11,2015,281.83722
2015-11-13 02:00:00,4,4,11,2015,280.76086
2015-11-13 03:00:00,5,4,11,2015,280.73825
2015-11-13 04:00:00,6,4,11,2015,280.60913
2015-11-13 05:00:00,7,4,11,2015,279.86087
2015-11-13 06:00:00,8,4,11,2015,280.01404
2015-11-13 07:00:00,9,4,11,2015,280.97006
2015-11-13 08:00:00,10,4,11,2015,286.9463
2015-11-13 09:00:00,11,4,11,2015,287.54175
2015-11-13 10:00:00,12,4,11,2015,290.8202
2015-11-13 11:00:00,13,4,11,2015,290.88147
2015-11-13 12:00:00,14,4,11,2015,290.84958
2015-11-13 13:00:00,15,4,11,2015,290.8246
2015-11-13 14:00:00,16,4,11,2015,289.5372
2015-11-13 15:00:00,17,4,11,2015,289.0165
2015-11-13 16:00:00,18,4,11,2015,288.3639
2015-11-13 17:00:00,19,4,11,2015,283.4559
2015-11-13 18:00:00,20,4,11,2015,282.902
2015-11-13 19:00:00,21,4,11,2015,282.6068
2015-11-13 20:00:00,22,4,11,2015,280.99417
2015-11-13 21:00:00,23,4,11,2015,280.65466
2015-11-13 22:00:00,0,5,11,2015,279.5149
2015-11-13 23:00:00,1,5,11,2015,279.4472
2015-11-14 00:00:00,2,5,11,2015,279.00616
2015-11-14 01:00:00,3,5,11,2015,278.65625
2015-11-14 02:00:00,4,5,11,2015,277.84583
2015-11-14 03:00:00,5,5,11,2015,277.43332
2015-11-14 04:00:00,6,5,11,2015,277.44714
2015-11-14 05:00:00,7,5,11,2015,276.9604
2015-11-14 06:00:00,8,5,11,2015,277.03238
2015-11-14 07:00:00,9,5,11,2015,278.34702
2015-11-14 08:00:00,10,5,11,2015,283.3473
2015-11-14 09:00:00,11,5,11,2015,285.08014
2015-11-14 10:00:00,12,5,11,2015,289.57773
2015-11-14 11:00:00,13,5,11,2015,290.03577
2015-11-14 12:00:00,14,5,11,2015,290.1532
2015-11-14 13:00:00,15,5,11,2015,290.13306
2015-11-14 14:00:00,16,5,11,2015,288.45905
2015-11-14 15:00:00,17,5,11,2015,287.46835
2015-11-14 16:00:00,18,5,11,2015,286.69943
2015-11-14 17:00:00,19,5,11,2015,283.9428
2015-11-14 18:00:00,20,5,11,2015,283.69275
2015-11-14 19:00:00,21,5,11,2015,283.69992
2015-11-14 20:00:00,22,5,11,2015,281.7845
2015-11-14 21:00:00,23,5,11,2015,281.66144
2015-11-14 22:00:00,0,6,11,2015,279.786
2015-11-14 23:00:00,1,6,11,2015,279.7423
2015-11-15 00:00:00,2,6,11,2015,279.49243
2015-11-15 01:00:00,3,6,11,2015,279.05896
2015-11-15 02:00:00,4,6,11,2015,277.42828
2015-11-15 03:00:00,5,6,11,2015,277.164
2015-11-15 04:00:00,6,6,11,2015,276.89966
2015-11-15 05:00:00,7,6,11,2015,276.03577
2015-11-15 06:00:00,8,6,11,2015,276.23877
2015-11-15 07:00:00,9,6,11,2015,276.81873
2015-11-15 08:00:00,10,6,11,2015,281.9525
2015-11-15 09:00:00,11,6,11,2015,282.6005
2015-11-15 10:00:00,12,6,11,2015,285.7253
2015-11-15 11:00:00,13,6,11,2015,285.993
2015-11-15 12:00:00,14,6,11,2015,286.18384
2015-11-15 13:00:00,15,6,11,2015,286.33115
2015-11-15 14:00:00,16,6,11,2015,284.87326
2015-11-15 15:00:00,17,6,11,2015,284.65338
2015-11-15 16:00:00,18,6,11,2015,283.50232
2015-11-15 17:00:00,19,6,11,2015,279.10928
2015-11-15 18:00:00,20,6,11,2015,278.9416
2015-11-15 19:00:00,21,6,11,2015,279.10883
2015-11-15 20:00:00,22,6,11,2015,278.67258
2015-11-15 21:00:00,23,6,11,2015,278.7379
2015-11-15 22:00:00,0,0,11,2015,278.88205
2015-11-15 23:00:00,1,0,11,2015,278.53253
2015-11-16 00:00:00,2,0,11,2015,278.54736
2015-11-16 01:00:00,3,0,11,2015,278.5758
2015-11-16 02:00:00,4,0,11,2015,278.9172
2015-11-16 03:00:00,5,0,11,2015,279.67865
2015-11-16 04:00:00,6,0,11,2015,279.83514
2015-11-16 05:00:00,7,0,11,2015,280.21283
2015-11-16 06:00:00,8,0,11,2015,280.24698
2015-11-16 07:00:00,9,0,11,2015,280.8629
2015-11-16 08:00:00,10,0,11,2015,285.61578
2015-11-16 09:00:00,11,0,11,2015,285.96478
2015-11-16 10:00:00,12,0,11,2015,289.03552
2015-11-16 11:00:00,13,0,11,2015,289.27536
2015-11-16 12:00:00,14,0,11,2015,289.17554
2015-11-16 13:00:00,15,0,11,2015,289.19946
2015-11-16 14:00:00,16,0,11,2015,287.92175
2015-11-16 15:00:00,17,0,11,2015,287.6676
2015-11-16 16:00:00,18,0,11,2015,287.00687
2015-11-16 17:00:00,19,0,11,2015,284.24124
2015-11-16 18:00:00,20,0,11,2015,284.31934
2015-11-16 19:00:00,21,0,11,2015,284.2267
2015-11-16 20:00:00,22,0,11,2015,282.2165
2015-11-16 21:00:00,23,0,11,2015,281.64252
2015-11-16 22:00:00,0,1,11,2015,279.60657
2015-11-16 23:00:00,1,1,11,2015,279.84543
2015-11-17 00:00:00,2,1,11,2015,279.90408
2015-11-17 01:00:00,3,1,11,2015,280.01242
2015-11-17 02:00:00,4,1,11,2015,278.99014
2015-11-17 03:00:00,5,1,11,2015,278.93933
2015-11-17 04:00:00,6,1,11,2015,279.20242
2015-11-17 05:00:00,7,1,11,2015,278.54303
2015-11-17 06:00:00,8,1,11,2015,278.79996
2015-11-17 07:00:00,9,1,11,2015,278.8038
2015-11-17 08:00:00,10,1,11,2015,283.45337
2015-11-17 09:00:00,11,1,11,2015,283.72903
2015-11-17 10:00:00,12,1,11,2015,286.99954
2015-11-17 11:00:00,13,1,11,2015,287.18765
2015-11-17 12:00:00,14,1,11,2015,287.23312
2015-11-17 13:00:00,15,1,11,2015,287.37296
2015-11-17 14:00:00,16,1,11,2015,286.3399
2015-11-17 15:00:00,17,1,11,2015,286.14163
2015-11-17 16:00:00,18,1,11,2015,284.85486
2015-11-17 17:00:00,19,1,11,2015,281.48206
2015-11-17 18:00:00,20,1,11,2015,281.2536
2015-11-17 19:00:00,21,1,11,2015,280.5565
2015-11-17 20:00:00,22,1,11,2015,279.04062
2015-11-17 21:00:00,23,1,11,2015,278.7611
2015-11-17 22:00:00,0,2,11,2015,276.9365
2015-11-17 23:00:00,1,2,11,2015,277.0728
2015-11-18 00:00:00,2,2,11,2015,277.3713
2015-11-18 01:00:00,3,2,11,2015,277.5575
2015-11-18 02:00:00,4,2,11,2015,276.82187
2015-11-18 03:00:00,5,2,11,2015,276.9604
2015-11-18 04:00:00,6,2,11,2015,276.974
2015-11-18 05:00:00,7,2,11,2015,276.98108
2015-11-18 06:00:00,8,2,11,2015,277.31473
2015-11-18 07:00:00,9,2,11,2015,277.9903
2015-11-18 08:00:00,10,2,11,2015,283.6687
2015-11-18 09:00:00,11,2,11,2015,284.45157
2015-11-18 10:00:00,12,2,11,2015,288.57666
2015-11-18 11:00:00,13,2,11,2015,288.80917
2015-11-18 12:00:00,14,2,11,2015,289.02722
2015-11-18 13:00:00,15,2,11,2015,289.1853
2015-11-18 14:00:00,16,2,11,2015,288.02087
2015-11-18 15:00:00,17,2,11,2015,286.24826
2015-11-18 16:00:00,18,2,11,2015,285.61963
2015-11-18 17:00:00,19,2,11,2015,282.61926
2015-11-18 18:00:00,20,2,11,2015,282.6829
2015-11-18 19:00:00,21,2,11,2015,282.42618
2015-11-18 20:00:00,22,2,11,2015,281.396
2015-11-18 21:00:00,23,2,11,2015,280.93552
2015-11-18 22:00:00,0,3,11,2015,280.38293
2015-11-18 23:00:00,1,3,11,2015,280.3275
2015-11-19 00:00:00,2,3,11,2015,280.60815
2015-11-19 01:00:00,3,3,11,2015,280.4761
2015-11-19 02:00:00,4,3,11,2015,279.32996
2015-11-19 03:00:00,5,3,11,2015,279.25497
2015-11-19 04:00:00,6,3,11,2015,279.2787
2015-11-19 05:00:00,7,3,11,2015,278.41382
2015-11-19 06:00:00,8,3,11,2015,278.81296
2015-11-19 07:00:00,9,3,11,2015,280.1142
2015-11-19 08:00:00,10,3,11,2015,285.6094
2015-11-19 09:00:00,11,3,11,2015,286.3571
2015-11-19 10:00:00,12,3,11,2015,290.75415
2015-11-19 11:00:00,13,3,11,2015,291.12268
2015-11-19 12:00:00,14,3,11,2015,291.1134
2015-11-19 13:00:00,15,3,11,2015,291.21863
2015-11-19 14:00:00,16,3,11,2015,289.33188
2015-11-19 15:00:00,17,3,11,2015,288.82083
2015-11-19 16:00:00,18,3,11,2015,287.16962
2015-11-19 17:00:00,19,3,11,2015,282.59973
2015-11-19 18:00:00,20,3,11,2015,282.46622
2015-11-19 19:00:00,21,3,11,2015,281.55246
2015-11-19 20:00:00,22,3,11,2015,279.27222
2015-11-19 21:00:00,23,3,11,2015,279.2338
2015-11-19 22:00:00,0,4,11,2015,278.03506
2015-11-19 23:00:00,1,4,11,2015,277.29547
2015-11-20 00:00:00,2,4,11,2015,276.98767
2015-11-20 01:00:00,3,4,11,2015,276.95337
2015-11-20 02:00:00,4,4,11,2015,276.27576
2015-11-20 03:00:00,5,4,11,2015,276.12073
2015-11-20 04:00:00,6,4,11,2015,276.06635
2015-11-20 05:00:00,7,4,11,2015,275.64038
2015-11-20 06:00:00,8,4,11,2015,276.1615
2015-11-20 07:00:00,9,4,11,2015,278.52158
2015-11-20 08:00:00,10,4,11,2015,283.4635
2015-11-20 09:00:00,11,4,11,2015,284.23862
2015-11-20 10:00:00,12,4,11,2015,288.59607
2015-11-20 11:00:00,13,4,11,2015,289.18045
2015-11-20 12:00:00,14,4,11,2015,289.48254
2015-11-20 13:00:00,15,4,11,2015,289.6138
2015-11-20 14:00:00,16,4,11,2015,287.78278
2015-11-20 15:00:00,17,4,11,2015,286.6666
2015-11-20 16:00:00,18,4,11,2015,285.7896
2015-11-20 17:00:00,19,4,11,2015,283.36734
2015-11-20 18:00:00,20,4,11,2015,283.34308
2015-11-20 19:00:00,21,4,11,2015,282.932
2015-11-20 20:00:00,22,4,11,2015,281.32935
2015-11-20 21:00:00,23,4,11,2015,281.3572
2015-11-20 22:00:00,0,5,11,2015,281.73175
2015-11-20 23:00:00,1,5,11,2015,281.82193
2015-11-21 00:00:00,2,5,11,2015,281.8552
2015-11-21 01:00:00,3,5,11,2015,281.67523
2015-11-21 02:00:00,4,5,11,2015,281.85315
2015-11-21 03:00:00,5,5,11,2015,281.7153
2015-11-21 04:00:00,6,5,11,2015,281.65045
2015-11-21 05:00:00,7,5,11,2015,281.57074
2015-11-21 06:00:00,8,5,11,2015,281.66943
2015-11-21 07:00:00,9,5,11,2015,282.6351
2015-11-21 08:00:00,10,5,11,2015,286.46548
2015-11-21 09:00:00,11,5,11,2015,287.23737
2015-11-21 10:00:00,12,5,11,2015,289.45935
2015-11-21 11:00:00,13,5,11,2015,289.45844
2015-11-21 12:00:00,14,5,11,2015,289.42932
2015-11-21 13:00:00,15,5,11,2015,289.4407
2015-11-21 14:00:00,16,5,11,2015,288.4702
2015-11-21 15:00:00,17,5,11,2015,288.4843
2015-11-21 16:00:00,18,5,11,2015,288.2211
2015-11-21 17:00:00,19,5,11,2015,287.43927
2015-11-21 18:00:00,20,5,11,2015,287.54605
2015-11-21 19:00:00,21,5,11,2015,287.58023
2015-11-21 20:00:00,22,5,11,2015,287.4818
2015-11-21 21:00:00,23,5,11,2015,287.39148
2015-11-21 22:00:00,0,6,11,2015,287.9252
2015-11-21 23:00:00,1,6,11,2015,288.27078
2015-11-22 00:00:00,2,6,11,2015,288.3462
2015-11-22 01:00:00,3,6,11,2015,288.3845
2015-11-22 02:00:00,4,6,11,2015,288.11487
2015-11-22 03:00:00,5,6,11,2015,287.96613
2015-11-22 04:00:00,6,6,11,2015,287.64313
2015-11-22 05:00:00,7,6,11,2015,286.59534
2015-11-22 06:00:00,8,6,11,2015,286.4394
2015-11-22 07:00:00,9,6,11,2015,287.06012
2015-11-22 08:00:00,10,6,11,2015,287.49414
2015-11-22 09:00:00,11,6,11,2015,287.8363
2015-11-22 10:00:00,12,6,11,2015,288.4978
2015-11-22 11:00:00,13,6,11,2015,288.27405
2015-11-22 12:00:00,14,6,11,2015,287.98096
2015-11-22 13:00:00,15,6,11,2015,288.14706
2015-11-22 14:00:00,16,6,11,2015,287.10385
2015-11-22 15:00:00,17,6,11,2015,286.55618
2015-11-22 16:00:00,18,6,11,2015,286.2713
2015-11-22 17:00:00,19,6,11,2015,285.24353
2015-11-22 18:00:00,20,6,11,2015,285.11243
2015-11-22 19:00:00,21,6,11,2015,285.08255
2015-11-22 20:00:00,22,6,11,2015,284.25916
2015-11-22 21:00:00,23,6,11,2015,284.1096
2015-11-22 22:00:00,0,0,11,2015,282.8218
2015-11-22 23:00:00,1,0,11,2015,282.78128
2015-11-23 00:00:00,2,0,11,2015,282.94086
2015-11-23 01:00:00,3,0,11,2015,282.66925
2015-11-23 02:00:00,4,0,11,2015,281.0969
2015-11-23 03:00:00,5,0,11,2015,280.5422
2015-11-23 04:00:00,6,0,11,2015,280.60107
2015-11-23 05:00:00,7,0,11,2015,279.963
2015-11-23 06:00:00,8,0,11,2015,280.0488
2015-11-23 07:00:00,9,0,11,2015,280.38608
2015-11-23 08:00:00,10,0,11,2015,282.23132
2015-11-23 09:00:00,11,0,11,2015,282.38068
2015-11-23 10:00:00,12,0,11,2015,284.05072
2015-11-23 11:00:00,13,0,11,2015,284.12503
2015-11-23 12:00:00,14,0,11,2015,284.16763
2015-11-23 13:00:00,15,0,11,2015,284.2586
2015-11-23 14:00:00,16,0,11,2015,282.9361
2015-11-23 15:00:00,17,0,11,2015,282.6972
2015-11-23 16:00:00,18,0,11,2015,282.64755
2015-11-23 17:00:00,19,0,11,2015,281.2399
2015-11-23 18:00:00,20,0,11,2015,281.15173
2015-11-23 19:00:00,21,0,11,2015,281.28143
2015-11-23 20:00:00,22,0,11,2015,280.87512
2015-11-23 21:00:00,23,0,11,2015,280.86508
2015-11-23 22:00:00,0,1,11,2015,280.56934
2015-11-23 23:00:00,1,1,11,2015,280.629
2015-11-24 00:00:00,2,1,11,2015,280.31674
2015-11-24 01:00:00,3,1,11,2015,280.13293
2015-11-24 02:00:00,4,1,11,2015,279.92264
2015-11-24 03:00:00,5,1,11,2015,279.86212
2015-11-24 04:00:00,6,1,11,2015,279.72684
2015-11-24 05:00:00,7,1,11,2015,279.79922
2015-11-24 06:00:00,8,1,11,2015,279.6702
2015-11-24 07:00:00,9,1,11,2015,279.62604
2015-11-24 08:00:00,10,1,11,2015,280.93066
2015-11-24 09:00:00,11,1,11,2015,281.3442
2015-11-24 10:00:00,12,1,11,2015,281.36874
2015-11-24 11:00:00,13,1,11,2015,281.4539
2015-11-24 12:00:00,14,1,11,2015,281.1489
2015-11-24 13:00:00,15,1,11,2015,281.02444
2015-11-24 14:00:00,16,1,11,2015,280.45978
2015-11-24 15:00:00,17,1,11,2015,280.58142
2015-11-24 16:00:00,18,1,11,2015,280.54703
2015-11-24 17:00:00,19,1,11,2015,279.7786
2015-11-24 18:00:00,20,1,11,2015,279.83035
2015-11-24 19:00:00,21,1,11,2015,279.6216
2015-11-24 20:00:00,22,1,11,2015,278.9021
2015-11-24 21:00:00,23,1,11,2015,278.88843
2015-11-24 22:00:00,0,2,11,2015,278.40405
2015-11-24 23:00:00,1,2,11,2015,278.39954
2015-11-25 00:00:00,2,2,11,2015,278.33347
2015-11-25 01:00:00,3,2,11,2015,278.30194
2015-11-25 02:00:00,4,2,11,2015,278.06454
2015-11-25 03:00:00,5,2,11,2015,278.05972
2015-11-25 04:00:00,6,2,11,2015,278.15283
2015-11-25 05:00:00,7,2,11,2015,278.14008
2015-11-25 06:00:00,8,2,11,2015,278.22028
2015-11-25 07:00:00,9,2,11,2015,278.32104
2015-11-25 08:00:00,10,2,11,2015,279.14417
2015-11-25 09:00:00,11,2,11,2015,279.38376
2015-11-25 10:00:00,12,2,11,2015,280.394
2015-11-25 11:00:00,13,2,11,2015,280.49216
2015-11-25 12:00:00,14,2,11,2015,280.412
2015-11-25 13:00:00,15,2,11,2015,280.27933
2015-11-25 14:00:00,16,2,11,2015,279.31296
2015-11-25 15:00:00,17,2,11,2015,278.71533
2015-11-25 16:00:00,18,2,11,2015,278.49734
2015-11-25 17:00:00,19,2,11,2015,277.9817
2015-11-25 18:00:00,20,2,11,2015,277.78378
2015-11-25 19:00:00,21,2,11,2015,277.79114
2015-11-25 20:00:00,22,2,11,2015,277.6429
2015-11-25 21:00:00,23,2,11,2015,277.61212
2015-11-25 22:00:00,0,3,11,2015,277.50085
2015-11-25 23:00:00,1,3,11,2015,277.3507
2015-11-26 00:00:00,2,3,11,2015,277.38153
2015-11-26 01:00:00,3,3,11,2015,277.4625
2015-11-26 02:00:00,4,3,11,2015,277.60825
2015-11-26 03:00:00,5,3,11,2015,277.71948
2015-11-26 04:00:00,6,3,11,2015,277.86716
2015-11-26 05:00:00,7,3,11,2015,277.86356
2015-11-26 06:00:00,8,3,11,2015,277.872
2015-11-26 07:00:00,9,3,11,2015,277.80026
2015-11-26 08:00:00,10,3,11,2015,278.831
2015-11-26 09:00:00,11,3,11,2015,278.91788
2015-11-26 10:00:00,12,3,11,2015,280.59628
2015-11-26 11:00:00,13,3,11,2015,280.9976
2015-11-26 12:00:00,14,3,11,2015,281.10977
2015-11-26 13:00:00,15,3,11,2015,280.8768
2015-11-26 14:00:00,16,3,11,2015,279.6156
2015-11-26 15:00:00,17,3,11,2015,278.94177
2015-11-26 16:00:00,18,3,11,2015,278.62683
2015-11-26 17:00:00,19,3,11,2015,277.65628
2015-11-26 18:00:00,20,3,11,2015,277.5558
2015-11-26 19:00:00,21,3,11,2015,277.5182
2015-11-26 20:00:00,22,3,11,2015,277.12976
2015-11-26 21:00:00,23,3,11,2015,276.8853
2015-11-26 22:00:00,0,4,11,2015,276.6662
2015-11-26 23:00:00,1,4,11,2015,276.54993
2015-11-27 00:00:00,2,4,11,2015,276.4645
2015-11-27 01:00:00,3,4,11,2015,276.45987
2015-11-27 02:00:00,4,4,11,2015,276.2623
2015-11-27 03:00:00,5,4,11,2015,276.16235
2015-11-27 04:00:00,6,4,11,2015,276.2314
2015-11-27 05:00:00,7,4,11,2015,276.03055
2015-11-27 06:00:00,8,4,11,2015,276.06253
2015-11-27 07:00:00,9,4,11,2015,276.14258
2015-11-27 08:00:00,10,4,11,2015,276.57446
2015-11-27 09:00:00,11,4,11,2015,276.5876
2015-11-27 10:00:00,12,4,11,2015,276.93973
2015-11-27 11:00:00,13,4,11,2015,277.06113
2015-11-27 12:00:00,14,4,11,2015,276.9317
2015-11-27 13:00:00,15,4,11,2015,276.69803
2015-11-27 14:00:00,16,4,11,2015,276.41037
2015-11-27 15:00:00,17,4,11,2015,276.49982
2015-11-27 16:00:00,18,4,11,2015,276.72318
2015-11-27 17:00:00,19,4,11,2015,276.88986
2015-11-27 18:00:00,20,4,11,2015,277.15164
2015-11-27 19:00:00,21,4,11,2015,277.29178
2015-11-27 20:00:00,22,4,11,2015,277.4563
2015-11-27 21:00:00,23,4,11,2015,277.50574
2015-11-27 22:00:00,0,5,11,2015,277.38727
2015-11-27 23:00:00,1,5,11,2015,277.57104
2015-11-28 00:00:00,2,5,11,2015,277.53247
2015-11-28 01:00:00,3,5,11,2015,277.61258
2015-11-28 02:00:00,4,5,11,2015,277.69116
2015-11-28 03:00:00,5,5,11,2015,277.6668
2015-11-28 04:00:00,6,5,11,2015,277.74057
2015-11-28 05:00:00,7,5,11,2015,277.86893
2015-11-28 06:00:00,8,5,11,2015,277.72946
2015-11-28 07:00:00,9,5,11,2015,277.84286
2015-11-28 08:00:00,10,5,11,2015,278.45883
2015-11-28 09:00:00,11,5,11,2015,278.37302
2015-11-28 10:00:00,12,5,11,2015,279.11176
2015-11-28 11:00:00,13,5,11,2015,279.1866
2015-11-28 12:00:00,14,5,11,2015,278.86237
2015-11-28 13:00:00,15,5,11,2015,278.75314
2015-11-28 14:00:00,16,5,11,2015,278.09564
2015-11-28 15:00:00,17,5,11,2015,277.93292
2015-11-28 16:00:00,18,5,11,2015,277.96152
2015-11-28 17:00:00,19,5,11,2015,277.34045
2015-11-28 18:00:00,20,5,11,2015,276.91467
2015-11-28 19:00:00,21,5,11,2015,276.66785
2015-11-28 20:00:00,22,5,11,2015,276.205
2015-11-28 21:00:00,23,5,11,2015,275.905
2015-11-28 22:00:00,0,6,11,2015,275.59442
2015-11-28 23:00:00,1,6,11,2015,275.63818
2015-11-29 00:00:00,2,6,11,2015,275.6626
2015-11-29 01:00:00,3,6,11,2015,275.75208
2015-11-29 02:00:00,4,6,11,2015,275.5757
2015-11-29 03:00:00,5,6,11,2015,275.6237
2015-11-29 04:00:00,6,6,11,2015,275.5033
2015-11-29 05:00:00,7,6,11,2015,275.58783
2015-11-29 06:00:00,8,6,11,2015,275.49048
2015-11-29 07:00:00,9,6,11,2015,275.44385
2015-11-29 08:00:00,10,6,11,2015,276.9415
2015-11-29 09:00:00,11,6,11,2015,277.13904
2015-11-29 10:00:00,12,6,11,2015,278.00858
2015-11-29 11:00:00,13,6,11,2015,277.98798
2015-11-29 12:00:00,14,6,11,2015,277.9847
2015-11-29 13:00:00,15,6,11,2015,277.9128
2015-11-29 14:00:00,16,6,11,2015,277.39407
2015-11-29 15:00:00,17,6,11,2015,277.66837
2015-11-29 16:00:00,18,6,11,2015,277.64172
2015-11-29 17:00:00,19,6,11,2015,275.97122
2015-11-29 18:00:00,20,6,11,2015,275.7785
2015-11-29 19:00:00,21,6,11,2015,275.8155
2015-11-29 20:00:00,22,6,11,2015,274.48798
2015-11-29 21:00:00,23,6,11,2015,274.5332
2015-11-29 22:00:00,0,0,11,2015,274.1143
2015-11-29 23:00:00,1,0,11,2015,273.8995
2015-11-30 00:00:00,2,0,11,2015,273.7592
2015-11-30 01:00:00,3,0,11,2015,273.7526
2015-11-30 02:00:00,4,0,11,2015,273.23224
2015-11-30 03:00:00,5,0,11,2015,272.9941
2015-11-30 04:00:00,6,0,11,2015,272.99182
2015-11-30 05:00:00,7,0,11,2015,273.32047
2015-11-30 06:00:00,8,0,11,2015,273.5028
2015-11-30 07:00:00,9,0,11,2015,273.75452
2015-11-30 08:00:00,10,0,11,2015,277.65833
2015-11-30 09:00:00,11,0,11,2015,278.11246
2015-11-30 10:00:00,12,0,11,2015,281.75162
2015-11-30 11:00:00,13,0,11,2015,282.12292
2015-11-30 12:00:00,14,0,11,2015,282.36765
2015-11-30 13:00:00,15,0,11,2015,282.59964
2015-11-30 14:00:00,16,0,11,2015,281.4499
2015-11-30 15:00:00,17,0,11,2015,279.9187
2015-11-30 16:00:00,18,0,11,2015,279.55994
2015-11-30 17:00:00,19,0,11,2015,277.15875
2015-11-30 18:00:00,20,0,11,2015,277.22302
2015-11-30 19:00:00,21,0,11,2015,277.24786
2015-11-30 20:00:00,22,0,11,2015,276.494
2015-11-30 21:00:00,23,0,11,2015,276.25378
2015-11-30 22:00:00,0,1,12,2015,276.14563
2015-11-30 23:00:00,1,1,12,2015,275.99954
2015-12-01 00:00:00,2,1,12,2015,275.93005
2015-12-01 01:00:00,3,1,12,2015,276.04944
2015-12-01 02:00:00,4,1,12,2015,276.16675
2015-12-01 03:00:00,5,1,12,2015,276.4885
2015-12-01 04:00:00,6,1,12,2015,276.45624
2015-12-01 05:00:00,7,1,12,2015,276.51978
2015-12-01 06:00:00,8,1,12,2015,276.67575
2015-12-01 07:00:00,9,1,12,2015,276.86002
2015-12-01 08:00:00,10,1,12,2015,279.8573
2015-12-01 09:00:00,11,1,12,2015,280.1297
2015-12-01 10:00:00,12,1,12,2015,284.10022
2015-12-01 11:00:00,13,1,12,2015,284.61307
2015-12-01 12:00:00,14,1,12,2015,284.8504
2015-12-01 13:00:00,15,1,12,2015,284.7777
2015-12-01 14:00:00,16,1,12,2015,283.47043
2015-12-01 15:00:00,17,1,12,2015,283.4809
2015-12-01 16:00:00,18,1,12,2015,283.55774
2015-12-01 17:00:00,19,1,12,2015,282.31314
2015-12-01 18:00:00,20,1,12,2015,282.20877
2015-12-01 19:00:00,21,1,12,2015,282.16632
2015-12-01 20:00:00,22,1,12,2015,281.41104
2015-12-01 21:00:00,23,1,12,2015,280.7031
2015-12-01 22:00:00,0,2,12,2015,280.04388
2015-12-01 23:00:00,1,2,12,2015,280.99295
2015-12-02 00:00:00,2,2,12,2015,280.96512
2015-12-02 01:00:00,3,2,12,2015,280.9298
2015-12-02 02:00:00,4,2,12,2015,280.1214
2015-12-02 03:00:00,5,2,12,2015,279.82712
2015-12-02 04:00:00,6,2,12,2015,279.92038
2015-12-02 05:00:00,7,2,12,2015,279.26987
2015-12-02 06:00:00,8,2,12,2015,279.12103
2015-12-02 07:00:00,9,2,12,2015,278.68588
2015-12-02 08:00:00,10,2,12,2015,280.5769
2015-12-02 09:00:00,11,2,12,2015,280.36066
2015-12-02 10:00:00,12,2,12,2015,281.6945
2015-12-02 11:00:00,13,2,12,2015,281.76578
2015-12-02 12:00:00,14,2,12,2015,281.75632
2015-12-02 13:00:00,15,2,12,2015,281.77124
2015-12-02 14:00:00,16,2,12,2015,280.38242
2015-12-02 15:00:00,17,2,12,2015,280.38177
2015-12-02 16:00:00,18,2,12,2015,280.4897
2015-12-02 17:00:00,19,2,12,2015,279.25107
2015-12-02 18:00:00,20,2,12,2015,279.28018
2015-12-02 19:00:00,21,2,12,2015,279.36377
2015-12-02 20:00:00,22,2,12,2015,278.71188
2015-12-02 21:00:00,23,2,12,2015,278.69934
2015-12-02 22:00:00,0,3,12,2015,277.87503
2015-12-02 23:00:00,1,3,12,2015,278.11057
2015-12-03 00:00:00,2,3,12,2015,277.98303
2015-12-03 01:00:00,3,3,12,2015,278.3596
2015-12-03 02:00:00,4,3,12,2015,277.97424
2015-12-03 03:00:00,5,3,12,2015,277.63324
2015-12-03 04:00:00,6,3,12,2015,277.49512
2015-12-03 05:00:00,7,3,12,2015,276.46823
2015-12-03 06:00:00,8,3,12,2015,276.55087
2015-12-03 07:00:00,9,3,12,2015,276.8971
2015-12-03 08:00:00,10,3,12,2015,280.7031
2015-12-03 09:00:00,11,3,12,2015,280.7664
2015-12-03 10:00:00,12,3,12,2015,283.15103
2015-12-03 11:00:00,13,3,12,2015,283.1743
2015-12-03 12:00:00,14,3,12,2015,283.2853
2015-12-03 13:00:00,15,3,12,2015,283.4322
2015-12-03 14:00:00,16,3,12,2015,282.31873
2015-12-03 15:00:00,17,3,12,2015,281.9714
2015-12-03 16:00:00,18,3,12,2015,280.72653
2015-12-03 17:00:00,19,3,12,2015,278.03503
2015-12-03 18:00:00,20,3,12,2015,277.7812
2015-12-03 19:00:00,21,3,12,2015,277.69217
2015-12-03 20:00:00,22,3,12,2015,276.85034
2015-12-03 21:00:00,23,3,12,2015,276.91876
2015-12-03 22:00:00,0,4,12,2015,276.14502
2015-12-03 23:00:00,1,4,12,2015,276.29407
2015-12-04 00:00:00,2,4,12,2015,276.3579
2015-12-04 01:00:00,3,4,12,2015,276.22696
2015-12-04 02:00:00,4,4,12,2015,275.8153
2015-12-04 03:00:00,5,4,12,2015,275.94443
2015-12-04 04:00:00,6,4,12,2015,275.94412
2015-12-04 05:00:00,7,4,12,2015,275.59232
2015-12-04 06:00:00,8,4,12,2015,275.36002
2015-12-04 07:00:00,9,4,12,2015,275.8596
2015-12-04 08:00:00,10,4,12,2015,279.28018
2015-12-04 09:00:00,11,4,12,2015,279.81628
2015-12-04 10:00:00,12,4,12,2015,282.7768
2015-12-04 11:00:00,13,4,12,2015,282.88617
2015-12-04 12:00:00,14,4,12,2015,282.89697
2015-12-04 13:00:00,15,4,12,2015,282.9656
2015-12-04 14:00:00,16,4,12,2015,281.35406
2015-12-04 15:00:00,17,4,12,2015,281.1823
2015-12-04 16:00:00,18,4,12,2015,280.5925
2015-12-04 17:00:00,19,4,12,2015,277.3756
2015-12-04 18:00:00,20,4,12,2015,276.71072
2015-12-04 19:00:00,21,4,12,2015,276.86707
2015-12-04 20:00:00,22,4,12,2015,275.49133
2015-12-04 21:00:00,23,4,12,2015,275.21
2015-12-04 22:00:00,0,5,12,2015,274.56845
2015-12-04 23:00:00,1,5,12,2015,274.55646
2015-12-05 00:00:00,2,5,12,2015,274.58972
2015-12-05 01:00:00,3,5,12,2015,274.30835
2015-12-05 02:00:00,4,5,12,2015,273.83478
2015-12-05 03:00:00,5,5,12,2015,273.75473
2015-12-05 04:00:00,6,5,12,2015,273.53427
2015-12-05 05:00:00,7,5,12,2015,273.7334
2015-12-05 06:00:00,8,5,12,2015,273.73767
2015-12-05 07:00:00,9,5,12,2015,274.57877
2015-12-05 08:00:00,10,5,12,2015,277.52716
2015-12-05 09:00:00,11,5,12,2015,278.14844
2015-12-05 10:00:00,12,5,12,2015,281.32013
2015-12-05 11:00:00,13,5,12,2015,281.40396
2015-12-05 12:00:00,14,5,12,2015,281.38797
2015-12-05 13:00:00,15,5,12,2015,281.37344
2015-12-05 14:00:00,16,5,12,2015,280.03485
2015-12-05 15:00:00,17,5,12,2015,279.9752
2015-12-05 16:00:00,18,5,12,2015,279.05188
2015-12-05 17:00:00,19,5,12,2015,276.5514
2015-12-05 18:00:00,20,5,12,2015,276.5277
2015-12-05 19:00:00,21,5,12,2015,276.32025
2015-12-05 20:00:00,22,5,12,2015,274.70444
2015-12-05 21:00:00,23,5,12,2015,274.41745
2015-12-05 22:00:00,0,6,12,2015,274.1107
2015-12-05 23:00:00,1,6,12,2015,274.36786
2015-12-06 00:00:00,2,6,12,2015,274.61316
2015-12-06 01:00:00,3,6,12,2015,274.67032
2015-12-06 02:00:00,4,6,12,2015,274.08533
2015-12-06 03:00:00,5,6,12,2015,274.05795
2015-12-06 04:00:00,6,6,12,2015,274.0581
2015-12-06 05:00:00,7,6,12,2015,274.0178
2015-12-06 06:00:00,8,6,12,2015,273.92865
2015-12-06 07:00:00,9,6,12,2015,274.7357
2015-12-06 08:00:00,10,6,12,2015,276.83966
2015-12-06 09:00:00,11,6,12,2015,277.13904
2015-12-06 10:00:00,12,6,12,2015,279.74353
2015-12-06 11:00:00,13,6,12,2015,280.0275
2015-12-06 12:00:00,14,6,12,2015,280.18716
2015-12-06 13:00:00,15,6,12,2015,280.08212
2015-12-06 14:00:00,16,6,12,2015,278.82608
2015-12-06 15:00:00,17,6,12,2015,278.09753
2015-12-06 16:00:00,18,6,12,2015,278.328
2015-12-06 17:00:00,19,6,12,2015,276.36908
2015-12-06 18:00:00,20,6,12,2015,276.12692
2015-12-06 19:00:00,21,6,12,2015,276.04227
2015-12-06 20:00:00,22,6,12,2015,275.41977
2015-12-06 21:00:00,23,6,12,2015,275.53104
2015-12-06 22:00:00,0,0,12,2015,274.88528
2015-12-06 23:00:00,1,0,12,2015,274.8757
2015-12-07 00:00:00,2,0,12,2015,274.9641
2015-12-07 01:00:00,3,0,12,2015,274.71204
2015-12-07 02:00:00,4,0,12,2015,274.4184
2015-12-07 03:00:00,5,0,12,2015,274.35693
2015-12-07 04:00:00,6,0,12,2015,274.37216
2015-12-07 05:00:00,7,0,12,2015,273.9225
2015-12-07 06:00:00,8,0,12,2015,273.93524
2015-12-07 07:00:00,9,0,12,2015,274.66577
2015-12-07 08:00:00,10,0,12,2015,277.23752
2015-12-07 09:00:00,11,0,12,2015,278.08975
2015-12-07 10:00:00,12,0,12,2015,281.05408
2015-12-07 11:00:00,13,0,12,2015,281.63397
2015-12-07 12:00:00,14,0,12,2015,281.6004
2015-12-07 13:00:00,15,0,12,2015,281.37906
2015-12-07 14:00:00,16,0,12,2015,279.62155
2015-12-07 15:00:00,17,0,12,2015,279.33173
2015-12-07 16:00:00,18,0,12,2015,278.9258
2015-12-07 17:00:00,19,0,12,2015,276.7313
2015-12-07 18:00:00,20,0,12,2015,276.50485
2015-12-07 19:00:00,21,0,12,2015,276.60513
2015-12-07 20:00:00,22,0,12,2015,275.2558
2015-12-07 21:00:00,23,0,12,2015,274.91214
2015-12-07 22:00:00,0,1,12,2015,274.3485
2015-12-07 23:00:00,1,1,12,2015,274.38818
2015-12-08 00:00:00,2,1,12,2015,274.06512
2015-12-08 01:00:00,3,1,12,2015,274.14478
2015-12-08 02:00:00,4,1,12,2015,273.64578
2015-12-08 03:00:00,5,1,12,2015,273.63467
2015-12-08 04:00:00,6,1,12,2015,273.71762
2015-12-08 05:00:00,7,1,12,2015,273.4574
2015-12-08 06:00:00,8,1,12,2015,273.34357
2015-12-08 07:00:00,9,1,12,2015,273.49683
2015-12-08 08:00:00,10,1,12,2015,275.641
2015-12-08 09:00:00,11,1,12,2015,276.88663
2015-12-08 10:00:00,12,1,12,2015,279.08246
2015-12-08 11:00:00,13,1,12,2015,279.26184
2015-12-08 12:00:00,14,1,12,2015,279.33902
2015-12-08 13:00:00,15,1,12,2015,279.11777
2015-12-08 14:00:00,16,1,12,2015,278.03525
2015-12-08 15:00:00,17,1,12,2015,277.2557
2015-12-08 16:00:00,18,1,12,2015,277.08234
2015-12-08 17:00:00,19,1,12,2015,275.67917
2015-12-08 18:00:00,20,1,12,2015,275.75415
2015-12-08 19:00:00,21,1,12,2015,275.82257
2015-12-08 20:00:00,22,1,12,2015,275.44873
2015-12-08 21:00:00,23,1,12,2015,275.72372
2015-12-08 22:00:00,0,2,12,2015,275.88705
2015-12-08 23:00:00,1,2,12,2015,276.034
2015-12-09 00:00:00,2,2,12,2015,275.79602
2015-12-09 01:00:00,3,2,12,2015,275.8185
2015-12-09 02:00:00,4,2,12,2015,275.54446
2015-12-09 03:00:00,5,2,12,2015,275.41437
2015-12-09 04:00:00,6,2,12,2015,275.51453
2015-12-09 05:00:00,7,2,12,2015,275.29663
2015-12-09 06:00:00,8,2,12,2015,275.63535
2015-12-09 07:00:00,9,2,12,2015,275.75928
2015-12-09 08:00:00,10,2,12,2015,277.15298
2015-12-09 09:00:00,11,2,12,2015,277.34674
2015-12-09 10:00:00,12,2,12,2015,278.61612
2015-12-09 11:00:00,13,2,12,2015,278.74124
2015-12-09 12:00:00,14,2,12,2015,278.72015
2015-12-09 13:00:00,15,2,12,2015,278.73737
2015-12-09 14:00:00,16,2,12,2015,277.84607
2015-12-09 15:00:00,17,2,12,2015,277.1952
2015-12-09 16:00:00,18,2,12,2015,277.1122
2015-12-09 17:00:00,19,2,12,2015,276.37598
2015-12-09 18:00:00,20,2,12,2015,276.28015
2015-12-09 19:00:00,21,2,12,2015,276.50748
2015-12-09 20:00:00,22,2,12,2015,276.5875
2015-12-09 21:00:00,23,2,12,2015,276.61148
2015-12-09 22:00:00,0,3,12,2015,276.40558
2015-12-09 23:00:00,1,3,12,2015,276.36798
2015-12-10 00:00:00,2,3,12,2015,276.39905
2015-12-10 01:00:00,3,3,12,2015,276.3313
2015-12-10 02:00:00,4,3,12,2015,276.14825
2015-12-10 03:00:00,5,3,12,2015,275.9331
2015-12-10 04:00:00,6,3,12,2015,275.9127
2015-12-10 05:00:00,7,3,12,2015,275.76773
2015-12-10 06:00:00,8,3,12,2015,275.7288
2015-12-10 07:00:00,9,3,12,2015,275.51544
2015-12-10 08:00:00,10,3,12,2015,276.24988
2015-12-10 09:00:00,11,3,12,2015,276.1809
2015-12-10 10:00:00,12,3,12,2015,277.07486
2015-12-10 11:00:00,13,3,12,2015,277.01013
2015-12-10 12:00:00,14,3,12,2015,276.90814
2015-12-10 13:00:00,15,3,12,2015,276.95126
2015-12-10 14:00:00,16,3,12,2015,276.5124
2015-12-10 15:00:00,17,3,12,2015,276.50134
2015-12-10 16:00:00,18,3,12,2015,276.49606
2015-12-10 17:00:00,19,3,12,2015,275.968
2015-12-10 18:00:00,20,3,12,2015,275.98718
2015-12-10 19:00:00,21,3,12,2015,275.90344
2015-12-10 20:00:00,22,3,12,2015,275.5611
2015-12-10 21:00:00,23,3,12,2015,275.51663
2015-12-10 22:00:00,0,4,12,2015,275.20856
2015-12-10 23:00:00,1,4,12,2015,275.01584
2015-12-11 00:00:00,2,4,12,2015,274.75696
2015-12-11 01:00:00,3,4,12,2015,274.80035
2015-12-11 02:00:00,4,4,12,2015,274.60352
2015-12-11 03:00:00,5,4,12,2015,274.6518
2015-12-11 04:00:00,6,4,12,2015,274.58188
2015-12-11 05:00:00,7,4,12,2015,274.7011
2015-12-11 06:00:00,8,4,12,2015,274.82495
2015-12-11 07:00:00,9,4,12,2015,274.63278
2015-12-11 08:00:00,10,4,12,2015,275.26993
2015-12-11 09:00:00,11,4,12,2015,275.2898
2015-12-11 10:00:00,12,4,12,2015,276.3606
2015-12-11 11:00:00,13,4,12,2015,276.32144
2015-12-11 12:00:00,14,4,12,2015,276.31842
2015-12-11 13:00:00,15,4,12,2015,276.3522
2015-12-11 14:00:00,16,4,12,2015,276.01355
2015-12-11 15:00:00,17,4,12,2015,276.0707
2015-12-11 16:00:00,18,4,12,2015,275.99548
2015-12-11 17:00:00,19,4,12,2015,275.03424
2015-12-11 18:00:00,20,4,12,2015,274.96426
2015-12-11 19:00:00,21,4,12,2015,274.95978
2015-12-11 20:00:00,22,4,12,2015,274.46832
2015-12-11 21:00:00,23,4,12,2015,274.76828
2015-12-11 22:00:00,0,5,12,2015,273.82605
2015-12-11 23:00:00,1,5,12,2015,273.96747
2015-12-12 00:00:00,2,5,12,2015,273.51
2015-12-12 01:00:00,3,5,12,2015,273.44037
2015-12-12 02:00:00,4,5,12,2015,272.66925
2015-12-12 03:00:00,5,5,12,2015,272.52295
2015-12-12 04:00:00,6,5,12,2015,272.49942
2015-12-12 05:00:00,7,5,12,2015,272.06885
2015-12-12 06:00:00,8,5,12,2015,271.94452
2015-12-12 07:00:00,9,5,12,2015,272.29407
2015-12-12 08:00:00,10,5,12,2015,275.29132
2015-12-12 09:00:00,11,5,12,2015,275.61624
2015-12-12 10:00:00,12,5,12,2015,278.162
2015-12-12 11:00:00,13,5,12,2015,278.87253
2015-12-12 12:00:00,14,5,12,2015,278.82233
2015-12-12 13:00:00,15,5,12,2015,278.92432
2015-12-12 14:00:00,16,5,12,2015,278.20706
2015-12-12 15:00:00,17,5,12,2015,277.30835
2015-12-12 16:00:00,18,5,12,2015,277.2891
2015-12-12 17:00:00,19,5,12,2015,275.2722
2015-12-12 18:00:00,20,5,12,2015,275.24786
2015-12-12 19:00:00,21,5,12,2015,275.12366
2015-12-12 20:00:00,22,5,12,2015,274.10422
2015-12-12 21:00:00,23,5,12,2015,273.84555
2015-12-12 22:00:00,0,6,12,2015,272.93887
2015-12-12 23:00:00,1,6,12,2015,272.8878
2015-12-13 00:00:00,2,6,12,2015,272.78403
2015-12-13 01:00:00,3,6,12,2015,272.88278
2015-12-13 02:00:00,4,6,12,2015,272.29776
2015-12-13 03:00:00,5,6,12,2015,272.10068
2015-12-13 04:00:00,6,6,12,2015,271.97772
2015-12-13 05:00:00,7,6,12,2015,271.194
2015-12-13 06:00:00,8,6,12,2015,271.33228
2015-12-13 07:00:00,9,6,12,2015,271.91974
2015-12-13 08:00:00,10,6,12,2015,276.66306
2015-12-13 09:00:00,11,6,12,2015,277.30002
2015-12-13 10:00:00,12,6,12,2015,281.0453
2015-12-13 11:00:00,13,6,12,2015,281.87292
2015-12-13 12:00:00,14,6,12,2015,282.06503
2015-12-13 13:00:00,15,6,12,2015,282.1648
2015-12-13 14:00:00,16,6,12,2015,279.946
2015-12-13 15:00:00,17,6,12,2015,279.0701
2015-12-13 16:00:00,18,6,12,2015,278.2132
2015-12-13 17:00:00,19,6,12,2015,274.52338
2015-12-13 18:00:00,20,6,12,2015,274.24026
2015-12-13 19:00:00,21,6,12,2015,274.0718
2015-12-13 20:00:00,22,6,12,2015,273.4713
2015-12-13 21:00:00,23,6,12,2015,273.6911
2015-12-13 22:00:00,0,0,12,2015,273.49252
2015-12-13 23:00:00,1,0,12,2015,273.46985
2015-12-14 00:00:00,2,0,12,2015,273.431
2015-12-14 01:00:00,3,0,12,2015,273.29135
2015-12-14 02:00:00,4,0,12,2015,272.9439
2015-12-14 03:00:00,5,0,12,2015,272.9718
2015-12-14 04:00:00,6,0,12,2015,272.7469
2015-12-14 05:00:00,7,0,12,2015,272.64465
2015-12-14 06:00:00,8,0,12,2015,272.96957
2015-12-14 07:00:00,9,0,12,2015,273.89758
2015-12-14 08:00:00,10,0,12,2015,277.88376
2015-12-14 09:00:00,11,0,12,2015,278.34955
2015-12-14 10:00:00,12,0,12,2015,281.94373
2015-12-14 11:00:00,13,0,12,2015,282.17532
2015-12-14 12:00:00,14,0,12,2015,282.33652
2015-12-14 13:00:00,15,0,12,2015,282.41098
2015-12-14 14:00:00,16,0,12,2015,280.00552
2015-12-14 15:00:00,17,0,12,2015,279.9266
2015-12-14 16:00:00,18,0,12,2015,279.68127
2015-12-14 17:00:00,19,0,12,2015,276.61734
2015-12-14 18:00:00,20,0,12,2015,276.76212
2015-12-14 19:00:00,21,0,12,2015,276.5697
2015-12-14 20:00:00,22,0,12,2015,275.1868
2015-12-14 21:00:00,23,0,12,2015,274.51627
2015-12-14 22:00:00,0,1,12,2015,273.87268
2015-12-14 23:00:00,1,1,12,2015,273.35516
2015-12-15 00:00:00,2,1,12,2015,273.0979
2015-12-15 01:00:00,3,1,12,2015,272.89542
2015-12-15 02:00:00,4,1,12,2015,272.46548
2015-12-15 03:00:00,5,1,12,2015,272.1976
2015-12-15 04:00:00,6,1,12,2015,272.1488
2015-12-15 05:00:00,7,1,12,2015,271.29797
2015-12-15 06:00:00,8,1,12,2015,271.6921
2015-12-15 07:00:00,9,1,12,2015,272.35184
2015-12-15 08:00:00,10,1,12,2015,275.81583
2015-12-15 09:00:00,11,1,12,2015,276.18674
2015-12-15 10:00:00,12,1,12,2015,279.1507
2015-12-15 11:00:00,13,1,12,2015,279.35803
2015-12-15 12:00:00,14,1,12,2015,279.38342
2015-12-15 13:00:00,15,1,12,2015,279.37115
2015-12-15 14:00:00,16,1,12,2015,277.54132
2015-12-15 15:00:00,17,1,12,2015,277.27335
2015-12-15 16:00:00,18,1,12,2015,276.85385
2015-12-15 17:00:00,19,1,12,2015,274.55765
2015-12-15 18:00:00,20,1,12,2015,274.55432
2015-12-15 19:00:00,21,1,12,2015,274.58762
2015-12-15 20:00:00,22,1,12,2015,274.10147
2015-12-15 21:00:00,23,1,12,2015,274.15494
2015-12-15 22:00:00,0,2,12,2015,273.27097
2015-12-15 23:00:00,1,2,12,2015,273.21466
2015-12-16 00:00:00,2,2,12,2015,272.99158
2015-12-16 01:00:00,3,2,12,2015,272.79315
2015-12-16 02:00:00,4,2,12,2015,272.41214
2015-12-16 03:00:00,5,2,12,2015,272.68503
2015-12-16 04:00:00,6,2,12,2015,272.5024
2015-12-16 05:00:00,7,2,12,2015,272.7035
2015-12-16 06:00:00,8,2,12,2015,272.66302
2015-12-16 07:00:00,9,2,12,2015,272.80197
2015-12-16 08:00:00,10,2,12,2015,274.19754
2015-12-16 09:00:00,11,2,12,2015,274.5569
2015-12-16 10:00:00,12,2,12,2015,276.19806
2015-12-16 11:00:00,13,2,12,2015,276.1986
2015-12-16 12:00:00,14,2,12,2015,276.17322
2015-12-16 13:00:00,15,2,12,2015,276.32602
2015-12-16 14:00:00,16,2,12,2015,275.82928
2015-12-16 15:00:00,17,2,12,2015,275.7774
2015-12-16 16:00:00,18,2,12,2015,275.69
2015-12-16 17:00:00,19,2,12,2015,275.32043
2015-12-16 18:00:00,20,2,12,2015,275.30118
2015-12-16 19:00:00,21,2,12,2015,275.24023
2015-12-16 20:00:00,22,2,12,2015,275.00848
2015-12-16 21:00:00,23,2,12,2015,275.09128
2015-12-16 22:00:00,0,3,12,2015,274.637
2015-12-16 23:00:00,1,3,12,2015,274.63837
2015-12-17 00:00:00,2,3,12,2015,274.5852
2015-12-17 01:00:00,3,3,12,2015,274.6087
2015-12-17 02:00:00,4,3,12,2015,274.04218
2015-12-17 03:00:00,5,3,12,2015,273.8035
2015-12-17 04:00:00,6,3,12,2015,273.80237
2015-12-17 05:00:00,7,3,12,2015,273.51038
2015-12-17 06:00:00,8,3,12,2015,273.64166
2015-12-17 07:00:00,9,3,12,2015,273.39178
2015-12-17 08:00:00,10,3,12,2015,274.89877
2015-12-17 09:00:00,11,3,12,2015,275.04123
2015-12-17 10:00:00,12,3,12,2015,276.45837
2015-12-17 11:00:00,13,3,12,2015,276.72498
2015-12-17 12:00:00,14,3,12,2015,276.7367
2015-12-17 13:00:00,15,3,12,2015,276.75137
2015-12-17 14:00:00,16,3,12,2015,275.78113
2015-12-17 15:00:00,17,3,12,2015,275.63025
2015-12-17 16:00:00,18,3,12,2015,275.1521
2015-12-17 17:00:00,19,3,12,2015,273.74863
2015-12-17 18:00:00,20,3,12,2015,274.07288
2015-12-17 19:00:00,21,3,12,2015,274.07245
2015-12-17 20:00:00,22,3,12,2015,273.2912
2015-12-17 21:00:00,23,3,12,2015,273.24084
2015-12-17 22:00:00,0,4,12,2015,272.41962
2015-12-17 23:00:00,1,4,12,2015,272.48935
2015-12-18 00:00:00,2,4,12,2015,272.6152
2015-12-18 01:00:00,3,4,12,2015,272.44626
2015-12-18 02:00:00,4,4,12,2015,271.62292
2015-12-18 03:00:00,5,4,12,2015,271.3535
2015-12-18 04:00:00,6,4,12,2015,271.3832
2015-12-18 05:00:00,7,4,12,2015,271.2594
2015-12-18 06:00:00,8,4,12,2015,271.30075
2015-12-18 07:00:00,9,4,12,2015,271.4486
2015-12-18 08:00:00,10,4,12,2015,273.85736
2015-12-18 09:00:00,11,4,12,2015,274.20056
2015-12-18 10:00:00,12,4,12,2015,277.03772
2015-12-18 11:00:00,13,4,12,2015,277.24637
2015-12-18 12:00:00,14,4,12,2015,277.42255
2015-12-18 13:00:00,15,4,12,2015,277.3053
2015-12-18 14:00:00,16,4,12,2015,276.44275
2015-12-18 15:00:00,17,4,12,2015,275.74915
2015-12-18 16:00:00,18,4,12,2015,275.76965
2015-12-18 17:00:00,19,4,12,2015,274.16104
2015-12-18 18:00:00,20,4,12,2015,274.31857
2015-12-18 19:00:00,21,4,12,2015,274.32428
2015-12-18 20:00:00,22,4,12,2015,273.60995
2015-12-18 21:00:00,23,4,12,2015,273.3726
2015-12-18 22:00:00,0,5,12,2015,272.70007
2015-12-18 23:00:00,1,5,12,2015,272.607
2015-12-19 00:00:00,2,5,12,2015,272.86407
2015-12-19 01:00:00,3,5,12,2015,272.67825
2015-12-19 02:00:00,4,5,12,2015,272.44678
2015-12-19 03:00:00,5,5,12,2015,272.18542
2015-12-19 04:00:00,6,5,12,2015,271.97958
2015-12-19 05:00:00,7,5,12,2015,272.21997
2015-12-19 06:00:00,8,5,12,2015,272.19092
2015-12-19 07:00:00,9,5,12,2015,272.6195
2015-12-19 08:00:00,10,5,12,2015,276.22043
2015-12-19 09:00:00,11,5,12,2015,276.70728
2015-12-19 10:00:00,12,5,12,2015,280.15005
2015-12-19 11:00:00,13,5,12,2015,280.60538
2015-12-19 12:00:00,14,5,12,2015,280.81213
2015-12-19 13:00:00,15,5,12,2015,281.14984
2015-12-19 14:00:00,16,5,12,2015,280.09973
2015-12-19 15:00:00,17,5,12,2015,280.05115
2015-12-19 16:00:00,18,5,12,2015,279.76462
2015-12-19 17:00:00,19,5,12,2015,277.05563
2015-12-19 18:00:00,20,5,12,2015,276.39954
2015-12-19 19:00:00,21,5,12,2015,276.24957
2015-12-19 20:00:00,22,5,12,2015,275.50876
2015-12-19 21:00:00,23,5,12,2015,275.2892
2015-12-19 22:00:00,0,6,12,2015,274.40192
2015-12-19 23:00:00,1,6,12,2015,274.55222
2015-12-20 00:00:00,2,6,12,2015,274.2638
2015-12-20 01:00:00,3,6,12,2015,273.90472
2015-12-20 02:00:00,4,6,12,2015,273.26547
2015-12-20 03:00:00,5,6,12,2015,273.33087
2015-12-20 04:00:00,6,6,12,2015,273.3124
2015-12-20 05:00:00,7,6,12,2015,272.89917
2015-12-20 06:00:00,8,6,12,2015,272.93887
2015-12-20 07:00:00,9,6,12,2015,273.00653
2015-12-20 08:00:00,10,6,12,2015,276.88083
2015-12-20 09:00:00,11,6,12,2015,277.30185
2015-12-20 10:00:00,12,6,12,2015,281.32315
2015-12-20 11:00:00,13,6,12,2015,281.54462
2015-12-20 12:00:00,14,6,12,2015,281.6194
2015-12-20 13:00:00,15,6,12,2015,281.74066
2015-12-20 14:00:00,16,6,12,2015,280.69156
2015-12-20 15:00:00,17,6,12,2015,280.1988
2015-12-20 16:00:00,18,6,12,2015,279.75528
2015-12-20 17:00:00,19,6,12,2015,276.23123
2015-12-20 18:00:00,20,6,12,2015,276.3498
2015-12-20 19:00:00,21,6,12,2015,276.30704
2015-12-20 20:00:00,22,6,12,2015,274.94766
2015-12-20 21:00:00,23,6,12,2015,274.69522
2015-12-20 22:00:00,0,0,12,2015,273.4569
2015-12-20 23:00:00,1,0,12,2015,273.4359
2015-12-21 00:00:00,2,0,12,2015,273.43704
2015-12-21 01:00:00,3,0,12,2015,273.2781
2015-12-21 02:00:00,4,0,12,2015,272.68378
2015-12-21 03:00:00,5,0,12,2015,272.37198
2015-12-21 04:00:00,6,0,12,2015,272.41492
2015-12-21 05:00:00,7,0,12,2015,272.09796
2015-12-21 06:00:00,8,0,12,2015,272.15997
2015-12-21 07:00:00,9,0,12,2015,272.6889
2015-12-21 08:00:00,10,0,12,2015,276.8236
2015-12-21 09:00:00,11,0,12,2015,277.3318
2015-12-21 10:00:00,12,0,12,2015,282.33896
2015-12-21 11:00:00,13,0,12,2015,282.78958
2015-12-21 12:00:00,14,0,12,2015,282.8442
2015-12-21 13:00:00,15,0,12,2015,282.65158
2015-12-21 14:00:00,16,0,12,2015,280.99106
2015-12-21 15:00:00,17,0,12,2015,280.02905
2015-12-21 16:00:00,18,0,12,2015,279.57614
2015-12-21 17:00:00,19,0,12,2015,276.5414
2015-12-21 18:00:00,20,0,12,2015,276.5212
2015-12-21 19:00:00,21,0,12,2015,276.51117
2015-12-21 20:00:00,22,0,12,2015,275.83542
2015-12-21 21:00:00,23,0,12,2015,275.70358
2015-12-21 22:00:00,0,1,12,2015,275.1763
2015-12-21 23:00:00,1,1,12,2015,275.10022
2015-12-22 00:00:00,2,1,12,2015,274.963
2015-12-22 01:00:00,3,1,12,2015,274.59293
2015-12-22 02:00:00,4,1,12,2015,274.47937
2015-12-22 03:00:00,5,1,12,2015,274.40982
2015-12-22 04:00:00,6,1,12,2015,274.45187
2015-12-22 05:00:00,7,1,12,2015,274.5763
2015-12-22 06:00:00,8,1,12,2015,274.7596
2015-12-22 07:00:00,9,1,12,2015,275.61383
2015-12-22 08:00:00,10,1,12,2015,279.57077
2015-12-22 09:00:00,11,1,12,2015,280.345
2015-12-22 10:00:00,12,1,12,2015,284.3419
2015-12-22 11:00:00,13,1,12,2015,284.70587
2015-12-22 12:00:00,14,1,12,2015,284.7155
2015-12-22 13:00:00,15,1,12,2015,284.7124
2015-12-22 14:00:00,16,1,12,2015,283.09583
2015-12-22 15:00:00,17,1,12,2015,282.1942
2015-12-22 16:00:00,18,1,12,2015,281.6999
2015-12-22 17:00:00,19,1,12,2015,278.897
2015-12-22 18:00:00,20,1,12,2015,278.84924
2015-12-22 19:00:00,21,1,12,2015,278.5012
2015-12-22 20:00:00,22,1,12,2015,277.2602
2015-12-22 21:00:00,23,1,12,2015,277.08334
2015-12-22 22:00:00,0,2,12,2015,276.13104
2015-12-22 23:00:00,1,2,12,2015,276.09595
2015-12-23 00:00:00,2,2,12,2015,276.1169
2015-12-23 01:00:00,3,2,12,2015,275.98962
2015-12-23 02:00:00,4,2,12,2015,275.33548
2015-12-23 03:00:00,5,2,12,2015,275.43002
2015-12-23 04:00:00,6,2,12,2015,275.40002
2015-12-23 05:00:00,7,2,12,2015,274.88443
2015-12-23 06:00:00,8,2,12,2015,275.01703
2015-12-23 07:00:00,9,2,12,2015,275.2144
2015-12-23 08:00:00,10,2,12,2015,279.97214
2015-12-23 09:00:00,11,2,12,2015,280.93942
2015-12-23 10:00:00,12,2,12,2015,285.6471
2015-12-23 11:00:00,13,2,12,2015,286.02966
2015-12-23 12:00:00,14,2,12,2015,286.24606
2015-12-23 13:00:00,15,2,12,2015,286.37848
2015-12-23 14:00:00,16,2,12,2015,284.77695
2015-12-23 15:00:00,17,2,12,2015,284.01447
2015-12-23 16:00:00,18,2,12,2015,283.57422
2015-12-23 17:00:00,19,2,12,2015,279.56708
2015-12-23 18:00:00,20,2,12,2015,279.3593
2015-12-23 19:00:00,21,2,12,2015,279.0354
2015-12-23 20:00:00,22,2,12,2015,277.54782
2015-12-23 21:00:00,23,2,12,2015,277.3468
2015-12-23 22:00:00,0,3,12,2015,276.4151
2015-12-23 23:00:00,1,3,12,2015,276.0144
2015-12-24 00:00:00,2,3,12,2015,276.47348
2015-12-24 01:00:00,3,3,12,2015,276.24973
2015-12-24 02:00:00,4,3,12,2015,275.7448
2015-12-24 03:00:00,5,3,12,2015,275.3978
2015-12-24 04:00:00,6,3,12,2015,275.11182
2015-12-24 05:00:00,7,3,12,2015,274.63962
2015-12-24 06:00:00,8,3,12,2015,274.49377
2015-12-24 07:00:00,9,3,12,2015,275.4674
2015-12-24 08:00:00,10,3,12,2015,280.32602
2015-12-24 09:00:00,11,3,12,2015,281.36496
2015-12-24 10:00:00,12,3,12,2015,285.48642
2015-12-24 11:00:00,13,3,12,2015,285.97864
2015-12-24 12:00:00,14,3,12,2015,286.0755
2015-12-24 13:00:00,15,3,12,2015,286.1623
2015-12-24 14:00:00,16,3,12,2015,284.491
2015-12-24 15:00:00,17,3,12,2015,283.77148
2015-12-24 16:00:00,18,3,12,2015,282.96185
2015-12-24 17:00:00,19,3,12,2015,279.07812
2015-12-24 18:00:00,20,3,12,2015,278.84094
2015-12-24 19:00:00,21,3,12,2015,279.03607
2015-12-24 20:00:00,22,3,12,2015,277.19
2015-12-24 21:00:00,23,3,12,2015,276.85147
2015-12-24 22:00:00,0,4,12,2015,275.6726
2015-12-24 23:00:00,1,4,12,2015,275.2834
2015-12-25 00:00:00,2,4,12,2015,275.17468
2015-12-25 01:00:00,3,4,12,2015,274.84137
2015-12-25 02:00:00,4,4,12,2015,274.158
2015-12-25 03:00:00,5,4,12,2015,273.90897
2015-12-25 04:00:00,6,4,12,2015,273.8375
2015-12-25 05:00:00,7,4,12,2015,273.52243
2015-12-25 06:00:00,8,4,12,2015,273.54776
2015-12-25 07:00:00,9,4,12,2015,273.6331
2015-12-25 08:00:00,10,4,12,2015,276.88922
2015-12-25 09:00:00,11,4,12,2015,277.4302
2015-12-25 10:00:00,12,4,12,2015,281.00555
2015-12-25 11:00:00,13,4,12,2015,281.3873
2015-12-25 12:00:00,14,4,12,2015,281.68344
2015-12-25 13:00:00,15,4,12,2015,281.7419
2015-12-25 14:00:00,16,4,12,2015,280.50076
2015-12-25 15:00:00,17,4,12,2015,280.50275
2015-12-25 16:00:00,18,4,12,2015,280.25958
2015-12-25 17:00:00,19,4,12,2015,277.71152
2015-12-25 18:00:00,20,4,12,2015,277.35095
2015-12-25 19:00:00,21,4,12,2015,277.4391
2015-12-25 20:00:00,22,4,12,2015,275.90024
2015-12-25 21:00:00,23,4,12,2015,275.72638
2015-12-25 22:00:00,0,5,12,2015,274.9121
2015-12-25 23:00:00,1,5,12,2015,274.92212
2015-12-26 00:00:00,2,5,12,2015,275.1466
2015-12-26 01:00:00,3,5,12,2015,275.24765
2015-12-26 02:00:00,4,5,12,2015,274.2621
2015-12-26 03:00:00,5,5,12,2015,274.4307
2015-12-26 04:00:00,6,5,12,2015,274.13416
2015-12-26 05:00:00,7,5,12,2015,273.6223
2015-12-26 06:00:00,8,5,12,2015,273.3263
2015-12-26 07:00:00,9,5,12,2015,273.60483
2015-12-26 08:00:00,10,5,12,2015,277.21954
2015-12-26 09:00:00,11,5,12,2015,277.97388
2015-12-26 10:00:00,12,5,12,2015,282.4437
2015-12-26 11:00:00,13,5,12,2015,282.8142
2015-12-26 12:00:00,14,5,12,2015,283.01184
2015-12-26 13:00:00,15,5,12,2015,283.10376
2015-12-26 14:00:00,16,5,12,2015,281.68985
2015-12-26 15:00:00,17,5,12,2015,281.52158
2015-12-26 16:00:00,18,5,12,2015,280.755
2015-12-26 17:00:00,19,5,12,2015,277.75882
2015-12-26 18:00:00,20,5,12,2015,277.48303
2015-12-26 19:00:00,21,5,12,2015,277.3687
2015-12-26 20:00:00,22,5,12,2015,275.89053
2015-12-26 21:00:00,23,5,12,2015,275.64935
2015-12-26 22:00:00,0,6,12,2015,275.11893
2015-12-26 23:00:00,1,6,12,2015,275.02487
2015-12-27 00:00:00,2,6,12,2015,275.0177
2015-12-27 01:00:00,3,6,12,2015,275.00235
2015-12-27 02:00:00,4,6,12,2015,274.36987
2015-12-27 03:00:00,5,6,12,2015,274.1259
2015-12-27 04:00:00,6,6,12,2015,274.0464
2015-12-27 05:00:00,7,6,12,2015,273.45236
2015-12-27 06:00:00,8,6,12,2015,273.53778
2015-12-27 07:00:00,9,6,12,2015,274.01685
2015-12-27 08:00:00,10,6,12,2015,278.85144
2015-12-27 09:00:00,11,6,12,2015,279.71097
2015-12-27 10:00:00,12,6,12,2015,285.0502
2015-12-27 11:00:00,13,6,12,2015,285.4895
2015-12-27 12:00:00,14,6,12,2015,285.7345
2015-12-27 13:00:00,15,6,12,2015,285.78586
2015-12-27 14:00:00,16,6,12,2015,284.43124
2015-12-27 15:00:00,17,6,12,2015,283.89056
2015-12-27 16:00:00,18,6,12,2015,282.82947
2015-12-27 17:00:00,19,6,12,2015,278.65662
2015-12-27 18:00:00,20,6,12,2015,278.4727
2015-12-27 19:00:00,21,6,12,2015,278.28613
2015-12-27 20:00:00,22,6,12,2015,276.76852
2015-12-27 21:00:00,23,6,12,2015,276.7212
2015-12-27 22:00:00,0,0,12,2015,275.97168
2015-12-27 23:00:00,1,0,12,2015,275.91525
2015-12-28 00:00:00,2,0,12,2015,276.04053
2015-12-28 01:00:00,3,0,12,2015,275.89307
2015-12-28 02:00:00,4,0,12,2015,275.25436
2015-12-28 03:00:00,5,0,12,2015,275.20334
2015-12-28 04:00:00,6,0,12,2015,275.07922
2015-12-28 05:00:00,7,0,12,2015,274.56454
2015-12-28 06:00:00,8,0,12,2015,274.56232
2015-12-28 07:00:00,9,0,12,2015,274.75745
2015-12-28 08:00:00,10,0,12,2015,279.40247
2015-12-28 09:00:00,11,0,12,2015,280.5819
2015-12-28 10:00:00,12,0,12,2015,285.16348
2015-12-28 11:00:00,13,0,12,2015,285.63846
2015-12-28 12:00:00,14,0,12,2015,285.84238
2015-12-28 13:00:00,15,0,12,2015,285.76764
2015-12-28 14:00:00,16,0,12,2015,283.6942
2015-12-28 15:00:00,17,0,12,2015,282.56506
2015-12-28 16:00:00,18,0,12,2015,281.88388
2015-12-28 17:00:00,19,0,12,2015,278.51477
2015-12-28 18:00:00,20,0,12,2015,278.47144
2015-12-28 19:00:00,21,0,12,2015,278.14487
2015-12-28 20:00:00,22,0,12,2015,276.67676
2015-12-28 21:00:00,23,0,12,2015,276.51614
2015-12-28 22:00:00,0,1,12,2015,275.43948
2015-12-28 23:00:00,1,1,12,2015,275.3791
2015-12-29 00:00:00,2,1,12,2015,275.16364
2015-12-29 01:00:00,3,1,12,2015,274.85507
2015-12-29 02:00:00,4,1,12,2015,274.17767
2015-12-29 03:00:00,5,1,12,2015,274.23
2015-12-29 04:00:00,6,1,12,2015,274.09717
2015-12-29 05:00:00,7,1,12,2015,274.01178
2015-12-29 06:00:00,8,1,12,2015,274.0244
2015-12-29 07:00:00,9,1,12,2015,274.8875
2015-12-29 08:00:00,10,1,12,2015,277.29623
2015-12-29 09:00:00,11,1,12,2015,277.68527
2015-12-29 10:00:00,12,1,12,2015,278.8102
2015-12-29 11:00:00,13,1,12,2015,278.73642
2015-12-29 12:00:00,14,1,12,2015,278.47568
2015-12-29 13:00:00,15,1,12,2015,278.32983
2015-12-29 14:00:00,16,1,12,2015,276.92792
2015-12-29 15:00:00,17,1,12,2015,276.8555
2015-12-29 16:00:00,18,1,12,2015,276.845
2015-12-29 17:00:00,19,1,12,2015,275.58612
2015-12-29 18:00:00,20,1,12,2015,275.507
2015-12-29 19:00:00,21,1,12,2015,275.16287
2015-12-29 20:00:00,22,1,12,2015,273.58655
2015-12-29 21:00:00,23,1,12,2015,273.53284
2015-12-29 22:00:00,0,2,12,2015,272.603
2015-12-29 23:00:00,1,2,12,2015,272.5474
2015-12-30 00:00:00,2,2,12,2015,272.42767
2015-12-30 01:00:00,3,2,12,2015,272.27393
2015-12-30 02:00:00,4,2,12,2015,271.44482
2015-12-30 03:00:00,5,2,12,2015,270.97696
2015-12-30 04:00:00,6,2,12,2015,270.6849
2015-12-30 05:00:00,7,2,12,2015,270.02136
2015-12-30 06:00:00,8,2,12,2015,269.74844
2015-12-30 07:00:00,9,2,12,2015,269.5774
2015-12-30 08:00:00,10,2,12,2015,270.5631
2015-12-30 09:00:00,11,2,12,2015,270.64505
2015-12-30 10:00:00,12,2,12,2015,271.71854
2015-12-30 11:00:00,13,2,12,2015,271.78342
2015-12-30 12:00:00,14,2,12,2015,271.84555
2015-12-30 13:00:00,15,2,12,2015,271.71545
2015-12-30 14:00:00,16,2,12,2015,270.37927
2015-12-30 15:00:00,17,2,12,2015,270.36218
2015-12-30 16:00:00,18,2,12,2015,270.28973
2015-12-30 17:00:00,19,2,12,2015,268.60724
2015-12-30 18:00:00,20,2,12,2015,268.41364
2015-12-30 19:00:00,21,2,12,2015,268.29675
2015-12-30 20:00:00,22,2,12,2015,267.36075
2015-12-30 21:00:00,23,2,12,2015,267.2373
2015-12-30 22:00:00,0,3,12,2015,266.25137
2015-12-30 23:00:00,1,3,12,2015,266.11386
2015-12-31 00:00:00,2,3,12,2015,266.07617
2015-12-31 01:00:00,3,3,12,2015,265.88998
2015-12-31 02:00:00,4,3,12,2015,265.251
2015-12-31 03:00:00,5,3,12,2015,265.03995
2015-12-31 04:00:00,6,3,12,2015,265.0319
2015-12-31 05:00:00,7,3,12,2015,264.92273
2015-12-31 06:00:00,8,3,12,2015,265.0812
2015-12-31 07:00:00,9,3,12,2015,264.87646
2015-12-31 08:00:00,10,3,12,2015,266.98834
2015-12-31 09:00:00,11,3,12,2015,267.2044
2015-12-31 10:00:00,12,3,12,2015,268.90002
2015-12-31 11:00:00,13,3,12,2015,269.00024
2015-12-31 12:00:00,14,3,12,2015,269.12677
2015-12-31 13:00:00,15,3,12,2015,269.15222
2015-12-31 14:00:00,16,3,12,2015,268.15366
2015-12-31 15:00:00,17,3,12,2015,268.1486
2015-12-31 16:00:00,18,3,12,2015,267.589
2015-12-31 17:00:00,19,3,12,2015,265.0107
2015-12-31 18:00:00,20,3,12,2015,264.7221
2015-12-31 19:00:00,21,3,12,2015,265.04523
2015-12-31 20:00:00,22,3,12,2015,263.96655
2015-12-31 21:00:00,23,3,12,2015,263.8461
